1.6 0 0 
0.114874 0.000289024 0.00349646 
0.215861 0.000692974 0.00402741 
0.316071 0.00114927 0.00402263 
0.41714 0.00157604 -0.00277646 
0.518045 -0.00278288 -0.107849 
0.637966 -0.0249745 -0.307482 
0.752449 -0.075214 -0.552466 
0.835921 -0.13734 -0.754015 
0.914386 -0.227899 -0.978474 
0.979508 -0.337433 -1.06391 
1.04227 -0.451734 -1.07294 
1.09949 -0.563335 -1.14772 
1.14069 -0.673049 -1.27634 
1.16951 -0.774872 -1.33428 
1.18879 -0.882004 -1.47076 
1.19105 -0.991713 -1.67141 
1.16965 -1.10271 -1.89016 
1.12597 -1.20397 -2.10327 
1.05945 -1.29585 -2.3251 
0.979377 -1.36717 -2.53293 
0.875418 -1.4315 -2.61509 
0.76278 -1.49875 -2.58483 
0.651446 -1.57844 -2.40799 
0.560924 -1.67677 -2.19203 
0.491612 -1.79243 -2.02323 
0.445829 -1.89376 -1.97516 
0.398933 -2.0021 -1.98335 
0.352201 -2.10832 -1.99083 
0.302426 -2.21115 -2.09238 
0.236142 -2.31457 -2.16755 
0.163095 -2.42818 -2.09135 
0.110703 -2.52947 -1.95584 
0.0762045 -2.64021 -1.76244 
0.0636383 -2.75495 -1.56688 
0.0717872 -2.85998 -1.40428 
0.0921654 -2.9632 -1.36855 
0.110685 -3.06421 -1.44491 
0.121314 -3.16478 -1.47709 
0.130892 -3.26634 -1.47531 
0.141336 -3.37537 -1.47506 
0.152173 -3.48748 -1.47353 
0.163673 -3.60261 -1.47061 
0.175397 -3.71905 -1.46904 
0.187578 -3.83827 -1.46941 
0.199399 -3.95471 -1.46947 
0.21131 -4.07166 -1.46998 
0.223117 -4.18843 -1.46992 
0.234903 -4.30544 -1.46906 
0.2468 -4.42272 -1.47032 
0.25881 -4.54269 -1.47191 
0.27044 -4.66033 -1.48393 
0.276701 -4.77532 -1.57675 
0.272231 -4.87675 -1.65962 
0.262772 -4.98185 -1.6613 
0.253077 -5.08603 -1.6652 
0.242601 -5.19628 -1.66497 
0.231362 -5.31489 -1.66633 
0.220111 -5.4315 -1.668 
0.208609 -5.54803 -1.6702 
0.196858 -5.66457 -1.67235 
0.1846 -5.78392 -1.67391 
0.172388 -5.90114 -1.67579 
0.16062 -6.01272 -1.67456 
0.148124 -6.13322 -1.67413 
0.135739 -6.25295 -1.67377 
0.125378 -6.3531 -1.67375 
0.114891 -6.45457 -1.67395 
0.104109 -6.55922 -1.67345 
0.0935048 -6.66234 -1.67325 
0.0829616 -6.76378 -1.67656 
0.0712704 -6.87399 -1.6758 
0.060387 -6.97605 -1.67587 
0.0498915 -7.07634 -1.67346 
0.0375936 -7.19547 -1.67376 
0.0235429 -7.29898 -1.78217 
0.00229805 -7.37753 -2.00114 
-0.039091 -7.445 -2.23265 
-0.121244 -7.52971 -2.46998 
-0.235135 -7.6082 -2.58953 
-0.342388 -7.6737 -2.5979 
-0.444128 -7.72383 -2.74992 
-0.545038 -7.76544 -2.75067 
-0.657449 -7.8107 -2.79226 
-0.761694 -7.84309 -2.9075 
-0.868471 -7.86701 -2.92419 
-0.972717 -7.88933 -2.93375 
-1.08972 -7.91416 -2.93296 
-1.20856 -7.93935 -2.93572 
-1.32557 -7.95942 -3.04941 
-1.43455 -7.96475 -3.11855 
-1.53638 -7.967 -3.11867 
-1.63655 -7.96951 -3.11436 
-1.7569 -7.97275 -3.12346 
-1.87392 -7.9705 3.04265 
-1.98172 -7.95517 2.97596 
-2.08512 -7.93778 2.97154 
-2.19701 -7.91862 2.97163 
-2.29709 -7.90148 2.9727 
-2.41443 -7.8815 2.97222 
-2.52545 -7.86258 2.97362 
-2.62856 -7.84502 2.97277 
-2.73274 -7.82688 2.95562 
-2.84379 -7.80063 2.82307 
-2.93648 -7.76037 2.61719 
-3.01876 -7.7026 2.41048 
-3.1106 -7.60233 2.26601 
-3.1972 -7.49893 2.26948 
-3.28685 -7.39205 2.26828 
-3.37578 -7.28588 2.26648 
-3.46097 -7.18395 2.2678 
-3.5079 -7.12299 2.05537 
-3.55249 -7.01193 1.81863 
-3.5705 -6.89397 1.63939 
-3.57653 -6.79178 1.62445 
-3.58165 -6.69018 1.61715 
-3.58646 -6.57144 1.61081 
-3.59054 -6.45172 1.57086 
-3.58396 -6.34305 1.43752 
-3.56797 -6.23638 1.41773 
-3.55062 -6.12639 1.41244 
-3.5323 -6.01201 1.41273 
-3.5159 -5.91134 1.38925 
-3.49112 -5.80077 1.28422 
-3.45757 -5.69496 1.25763 
-3.4296 -5.62073 1.05455 
-3.38606 -5.55927 0.844366 
-3.29851 -5.4785 0.637821 
-3.19263 -5.40645 0.577897 
-3.0926 -5.34161 0.569572 
-2.98869 -5.27537 0.569177 
-2.88696 -5.21075 0.539478 
-2.77344 -5.15256 0.396217 
-2.67089 -5.11063 0.385291 
-2.5635 -5.07191 0.222856 
-2.47268 -5.06173 -0.0134643 
-2.3727 -5.07171 -0.220051 
-2.27746 -5.10209 -0.428525 
-2.175 -5.16204 -0.627716 
-2.0741 -5.2379 -0.6542 
-1.97219 -5.31594 -0.652262 
-1.8604 -5.40115 -0.6512 
-1.74722 -5.48755 -0.660717 
-1.64321 -5.57932 -0.817909 
-1.55421 -5.68042 -0.863233 
-1.46141 -5.78867 -0.859428 
-1.37048 -5.89436 -0.858188 
-1.27948 -6.0049 -0.954189 
-1.21336 -6.11244 -1.05387 
-1.15502 -6.21546 -1.05657 
-1.09559 -6.3201 -1.05156 
-1.03601 -6.42466 -1.05435 
-0.977936 -6.52938 -1.12663 
-0.93527 -6.63978 -1.26237 
-0.90335 -6.74045 -1.26641 
-0.870553 -6.845 -1.26532 
-0.834303 -6.95987 -1.26554 
-0.797913 -7.07682 -1.29045 
-0.771224 -7.19122 -1.41933 
-0.760696 -7.2986 -1.50112 
-0.753294 -7.40137 -1.49732 
-0.745006 -7.51421 -1.497 
-0.736223 -7.6328 -1.49769 
-0.729058 -7.73401 -1.52547 
-0.730051 -7.84735 -1.61936 
-0.735252 -7.95204 -1.62282 
-0.741371 -8.0682 -1.62323 
-0.74673 -8.16941 -1.62646 
-0.757114 -8.28696 -1.7352 
-0.784003 -8.40127 -1.89878 
-0.830117 -8.50298 -2.11018 
-0.897295 -8.60506 -2.16989 
