1.6 0 0 
0.100848 -4.62396e-06 0.000492554 
0.201869 0.00012548 0.00240632 
0.304587 0.000307054 0.00179014 
0.40734 0.000162895 -0.0375936 
0.507398 -0.00957733 -0.180985 
0.605885 -0.0365194 -0.389073 
0.718329 -0.0953132 -0.566075 
0.821927 -0.163477 -0.589869 
0.929807 -0.235841 -0.593424 
1.03823 -0.309204 -0.596416 
1.14722 -0.383511 -0.600727 
1.25887 -0.460172 -0.603377 
1.36873 -0.536086 -0.607399 
1.4792 -0.612983 -0.609764 
1.58871 -0.685891 -0.511773 
1.69664 -0.738008 -0.432198 
1.80113 -0.786213 -0.433534 
1.90518 -0.834489 -0.435308 
2.0099 -0.883169 -0.436568 
2.1125 -0.931092 -0.437896 
2.21817 -0.980538 -0.438078 
2.32443 -1.03039 -0.438868 
2.4306 -1.08026 -0.439718 
2.53487 -1.12933 -0.439823 
2.64131 -1.17939 -0.439785 
2.74844 -1.2298 -0.439471 
2.85355 -1.27925 -0.440837 
2.96128 -1.33003 -0.439819 
3.0691 -1.38084 -0.440521 
3.1749 -1.43077 -0.441386 
3.28314 -1.48194 -0.441901 
3.38929 -1.53207 -0.440884 
3.49827 -1.58355 -0.441429 
3.60866 -1.63344 -0.361289 
3.68566 -1.65709 -0.143581 
3.69913 -1.65769 0.0854066 
3.73745 -1.64988 0.299626 
3.84978 -1.60856 0.356816 
3.95338 -1.57305 0.32621 
4.06142 -1.53205 0.401411 
4.16861 -1.48268 0.458856 
4.28673 -1.42035 0.517928 
4.40098 -1.35171 0.573037 
4.51259 -1.27609 0.623594 
4.61445 -1.1996 0.698096 
4.68251 -1.13275 0.9004 
4.7579 -1.02204 1.00889 
4.82604 -0.908286 1.04864 
4.88222 -0.807501 1.07812 
4.9349 -0.706681 1.10438 
4.98563 -0.602243 1.13408 
5.03405 -0.496021 1.15558 
5.07914 -0.391068 1.17712 
5.12328 -0.282359 1.19607 
5.16538 -0.172695 1.21511 
5.20583 -0.0613601 1.23199 
5.24343 0.047914 1.24887 
5.27974 0.160373 1.26743 
5.31448 0.273931 1.28366 
5.34691 0.386044 1.29596 
5.37872 0.501486 1.31015 
5.40909 0.617623 1.32067 
5.43749 0.731339 1.33342 
5.46527 0.848689 1.34374 
5.49018 0.959949 1.37266 
5.50479 1.06404 1.53828 
5.50387 1.10976 1.77829 
5.50038 1.12086 2.01132 
5.49464 1.13051 2.25464 
5.4873 1.1379 2.498 
5.47923 1.14277 2.74192 
5.47017 1.14553 2.98777 
5.46314 1.14605 -3.09457 
5.45534 1.14491 -2.85495 
5.44804 1.14193 -2.60872 
5.4422 1.13765 -2.36578 
5.43753 1.13202 -2.11567 
5.43472 1.12615 -1.88007 
5.4322 1.11229 -1.65895 
5.43896 0.993994 -1.46153 
5.45008 0.888861 -1.49374 
5.45461 0.786671 -1.57478 
5.44672 0.678932 -1.73216 
5.42242 0.571411 -1.84789 
5.39196 0.458387 -1.81118 
5.36829 0.354101 -1.77303 
5.34749 0.247015 -1.74815 
5.32884 0.135131 -1.7215 
5.3131 0.0222446 -1.69303 
5.30038 -0.0888888 -1.67969 
5.28606 -0.201105 -1.74717 
5.26205 -0.309058 -1.81001 
5.23934 -0.409481 -1.76906 
5.21925 -0.514598 -1.74309 
5.20216 -0.615295 -1.73695 
5.18052 -0.724382 -1.83345 
5.14779 -0.830486 -1.89377 
5.11344 -0.935996 -1.87277 
5.08205 -1.04002 -1.85276 
5.04742 -1.16053 -1.84833 
5.01588 -1.27121 -1.8688 
4.97823 -1.37417 -1.99532 
4.92483 -1.47549 -2.168 
4.85277 -1.56453 -2.36823 
4.74433 -1.65005 -2.60909 
4.6396 -1.69972 -2.81681 
4.53376 -1.72529 -3.01519 
4.43223 -1.73353 -3.08268 
4.31677 -1.73979 -3.0919 
4.20252 -1.74558 -3.09148 
4.08293 -1.75116 -3.09736 
3.9632 -1.75629 -3.10058 
3.84505 -1.76004 3.14128 
3.7346 -1.75421 3.01321 
3.61145 -1.73382 2.95757 
3.49901 -1.71276 2.95594 
3.38256 -1.6905 2.94871 
3.27137 -1.66866 2.9432 
3.16099 -1.64621 2.93983 
3.04703 -1.6228 2.93673 
2.9314 -1.59849 2.93163 
2.82518 -1.57574 2.928 
2.70953 -1.55037 2.92424 
2.59513 -1.52513 2.92282 
2.48916 -1.50129 2.9183 
2.37174 -1.47438 2.91365 
2.25409 -1.44692 2.91129 
2.13868 -1.41975 2.90907 
2.02667 -1.39359 2.9154 
1.92368 -1.36979 2.91096 
1.81872 -1.34489 2.90707 
1.70556 -1.31763 2.90201 
1.59559 -1.29072 2.90194 
1.47875 -1.26198 2.88901 
1.36561 -1.22781 2.77709 
1.2625 -1.18149 2.63206 
1.16479 -1.11394 2.41851 
1.08469 -1.02925 2.20568 
1.01044 -0.911428 2.08765 
0.946947 -0.798674 2.08444 
0.87733 -0.694164 2.30673 
0.859672 -0.677208 2.53367 
0.844318 -0.668844 2.75814 
0.736013 -0.637175 2.85086 
0.618622 -0.594996 2.71217 
0.515197 -0.539116 2.57896 
0.412485 -0.474612 2.59886 
0.310607 -0.416025 2.65382 
0.209662 -0.366934 2.74572 
0.105409 -0.328847 2.80034 
-0.00720921 -0.288874 2.80231 
-0.122352 -0.248445 2.80523 
-0.241464 -0.206921 2.80751 
-0.35854 -0.166236 2.80697 
-0.464487 -0.129686 2.81115 
-0.568322 -0.0941348 2.8144 
-0.680632 -0.0562763 2.8177 
-0.795406 -0.0177931 2.81868 
-0.912186 0.0210975 2.82167 
-1.0296 0.0599579 2.82344 
-1.13033 0.0930078 2.82489 
-1.25118 0.132659 2.82464 
-1.36118 0.168646 2.82586 
-1.46327 0.201788 2.83174 
-1.56404 0.234565 2.82722 
-1.67779 0.271557 2.82773 
-1.79304 0.308873 2.82744 
-1.89801 0.342695 2.83266 
-2.00248 0.375866 2.83652 
-2.11206 0.409972 2.84163 
-2.22846 0.445906 2.84209 
-2.34577 0.481957 2.84559 
-2.44754 0.513078 2.84471 
-2.548 0.543543 2.84513 
-2.65509 0.576566 2.84317 
-2.77024 0.611768 2.84711 
-2.88331 0.645992 2.84986 
-2.98855 0.677439 2.85307 
-3.10098 0.710759 2.85602 
-3.2094 0.742489 2.8578 
-3.32591 0.776471 2.85848 
-3.44596 0.811308 2.85991 
-3.55601 0.843102 2.86199 
-3.65812 0.872281 2.86277 
-3.76414 0.90265 2.86441 
-3.88028 0.935527 2.86711 
-3.99816 0.968609 2.86962 
-4.09875 0.996539 2.87153 
-4.21067 1.0274 2.87541 
-4.31533 1.05586 2.87735 
-4.41667 1.08304 2.88176 
-4.53388 1.11405 2.88334 
-4.65199 1.14514 2.88627 
-4.76935 1.17569 2.88701 
-4.87869 1.20388 2.89254 
-4.97918 1.23536 2.65482 
-5.08843 1.30542 2.53589 
-5.20022 1.38685 2.4385 
-5.30055 1.48582 2.32275 
-5.3961 1.59004 2.31038 
-5.48818 1.69076 2.31136 
-5.57662 1.79602 2.18185 
-5.63917 1.90069 1.99401 
-5.67441 2.00626 1.77768 
-5.69282 2.11203 1.72454 
-5.7067 2.21681 1.62425 
-5.70216 2.3169 1.40899 
-5.677 2.41452 1.19485 
-5.63261 2.50277 0.984056 
-5.54469 2.6081 0.798663 
-5.43624 2.71633 0.779941 
-5.32159 2.82962 0.764658 
-5.21855 2.91676 0.608495 
-5.11328 2.97804 0.393849 
-5.00464 3.01231 0.229345 
-4.90396 3.03476 0.137704 
-4.7899 3.03986 0.0337425 
-4.6721 3.04388 0.0336074 
-4.57129 3.04717 0.0326609 
-4.46776 3.04835 -0.0444049 
-4.36097 3.03676 -0.176977 
-4.25945 3.01828 -0.185355 
-4.14997 2.99753 -0.186734 
-4.03393 2.97572 -0.185127 
-3.91332 2.95311 -0.184231 
-3.81289 2.9345 -0.183266 
-3.71218 2.91587 -0.182741 
-3.60079 2.89551 -0.180433 
-3.50025 2.87726 -0.177883 
-3.39202 2.8585 -0.169246 
-3.29118 2.84649 0.0292277 
-3.26271 2.85015 0.249884 
-3.15124 2.88794 0.347925 
-3.0366 2.93011 0.359323 
-2.9296 2.97127 0.379281 
-2.82938 3.01323 0.41661 
-2.72269 3.06069 0.419765 
-2.61224 3.11003 0.420506 
-2.50017 3.16016 0.414512 
-2.38869 3.20415 0.292571 
-2.28381 3.23103 0.228571 
-2.18373 3.25422 0.224917 
-2.0765 3.27843 0.221035 
-1.95785 3.30513 0.205164 
-1.84432 3.3219 0.0647108 
-1.74089 3.32657 0.0341806 
-1.63831 3.33025 0.0387958 
-1.53608 3.33226 -0.0350717 
-1.43089 3.32116 -0.180901 
-1.3302 3.30245 -0.18274 
-1.22901 3.28439 -0.171232 
-1.11348 3.26449 -0.168773 
-1.01284 3.24738 -0.168426 
-0.91089 3.22998 -0.168648 
-0.807991 3.2125 -0.167733 
-0.70057 3.19451 -0.16352 
-0.598965 3.17791 -0.159993 
-0.485747 3.15998 -0.154985 
-0.38525 3.1443 -0.154993 
-0.264237 3.12541 -0.154113 
-0.161827 3.10957 -0.153086 
-0.0597133 3.09382 -0.151844 
0.0565715 3.07609 -0.151251 
0.16132 3.06035 -0.147828 
0.271883 3.04409 -0.14556 
0.383964 3.02772 -0.143912 
0.50413 3.01038 -0.143108 
0.604739 2.99593 -0.141402 
0.708414 2.9812 -0.140594 
0.811215 2.96662 -0.139701 
0.925464 2.95061 -0.137697 
1.02918 2.93628 -0.132655 
