1.6 0 0 
0.102602 -8.75454e-05 -0.000610311 
-0.00331765 0.000314208 -0.00593262 
-0.121352 0.00102721 -0.00629669 
-0.242256 0.00194184 -0.00857119 
-0.343326 0.00284103 -0.0095371 
-0.445625 0.00386689 -0.0110957 
-0.549169 0.00504751 -0.0127409 
-0.653404 0.00642633 -0.0133734 
-0.761278 0.00797893 -0.0156394 
-0.867742 0.00967865 -0.0161496 
-0.97499 0.0113396 -0.0154888 
-1.08286 0.0130791 -0.0164707 
-1.19167 0.0149709 -0.0183335 
-1.3032 0.0170997 -0.0191986 
-1.41318 0.019273 -0.0207012 
-1.5237 0.0216597 -0.0217658 
-1.63541 0.0241572 -0.0233911 
-1.74801 0.0269072 -0.025945 
-1.86058 0.0299082 -0.0285674 
-1.97372 0.0331165 -0.0282734 
-2.08999 0.0365284 -0.0300889 
-2.20415 0.0399692 -0.0303681 
-2.31865 0.043503 -0.0314523 
-2.43422 0.0471023 -0.0312101 
-2.5488 0.0507769 -0.033527 
-2.66683 0.0546863 -0.0334715 
-2.78262 0.0586557 -0.0354021 
-2.89877 0.0627256 -0.0351809 
-3.01521 0.0669029 -0.0366349 
-3.13148 0.0713472 -0.0421108 
-3.24846 0.0763776 -0.0431096 
-3.36589 0.0815495 -0.045483 
-3.48319 0.0869731 -0.0471239 
-3.60354 0.0927735 -0.0501243 
-3.72134 0.0987752 -0.0520108 
-3.83936 0.105092 -0.0548742 
-3.95734 0.111675 -0.0566666 
-4.07592 0.118545 -0.0593162 
-4.19659 0.125771 -0.060402 
-4.31475 0.133081 -0.0632127 
-4.43311 0.140615 -0.0647094 
-4.55176 0.148406 -0.0664116 
-4.67069 0.156396 -0.0680338 
-4.79151 0.164773 -0.0702852 
-4.90114 0.172515 -0.0714268 
-5.01375 0.18078 -0.0778073 
-5.11492 0.188786 -0.0785886 
-5.21991 0.196963 -0.0759923 
-5.33994 0.206156 -0.0780992 
-5.44073 0.214063 -0.0788496 
-5.54195 0.222109 -0.0803532 
-5.64422 0.230436 -0.0865282 
-5.74832 0.242367 -0.18312 
-5.8563 0.268912 -0.328047 
-5.91711 0.296233 -0.540599 
-6.02029 0.365203 -0.608456 
-5.91735 0.292321 -0.613391 
-5.81416 0.220709 -0.561765 
-5.71725 0.172371 -0.358666 
-5.71067 0.169947 -0.155535 
-5.82126 0.180794 -0.0944223 
-5.94042 0.192042 -0.0940863 
-6.05872 0.203377 -0.0971566 
-6.16946 0.214209 -0.0983111 
-6.06582 0.204455 -0.0930326 
-5.94747 0.193449 -0.0922968 
-5.84733 0.18435 -0.0891735 
-5.745 0.175386 -0.0801106 
-5.64263 0.166895 -0.0831879 
-5.5416 0.158554 -0.0804807 
-5.4247 0.149447 -0.0765828 
-5.32459 0.141784 -0.0764454 
-5.21106 0.133232 -0.0722734 
-5.11102 0.126071 -0.069984 
-5.0007 0.118624 -0.0658575 
-4.88441 0.110847 -0.0696692 
-4.7844 0.103946 -0.0672686 
-4.67391 0.0966564 -0.0638989 
-4.57047 0.0901475 -0.0610428 
-4.46494 0.0839313 -0.0587299 
-4.3479 0.0768999 -0.0762708 
-4.23517 0.0614581 -0.225082 
-4.12687 0.0344174 -0.249774 
-4.01444 0.00576095 -0.249233 
-3.8996 -0.0234329 -0.250259 
-3.7869 -0.0568847 -0.36998 
-3.68023 -0.103459 -0.42988 
-3.57384 -0.152369 -0.42868 
-3.46387 -0.202535 -0.4272 
-3.35583 -0.251677 -0.426451 
-3.24483 -0.30203 -0.424764 
-3.14352 -0.347833 -0.424159 
-3.04348 -0.392709 -0.416561 
-2.93546 -0.440233 -0.412589 
-2.83284 -0.482262 -0.308114 
-2.73202 -0.506477 -0.205728 
-2.6307 -0.527366 -0.202777 
-2.5128 -0.551559 -0.201194 
-2.40019 -0.57444 -0.198993 
-2.29411 -0.595714 -0.194081 
-2.19387 -0.615345 -0.192161 
-2.07582 -0.638096 -0.190066 
-1.96949 -0.65524 -0.0715827 
-1.86869 -0.656993 -9.26783e-05 
-1.75475 -0.657055 -0.000349066 
-1.63426 -0.657088 0.000385832 
-1.52061 -0.656993 0.00101608 
-1.41578 -0.656814 0.00436509 
-1.5204 -0.657149 0.00181842 
-1.64092 -0.657243 0.000698132 
-1.75788 -0.657264 -0.000912424 
-1.86132 -0.657098 -0.00174533 
-1.96385 -0.656902 -0.00130814 
-2.07933 -0.656748 -0.00200522 
-2.19996 -0.656417 -0.00438141 
-2.30676 -0.655773 -0.00837758 
-2.41347 -0.65469 -0.0111745 
-2.51974 -0.653406 -0.0126714 
-2.63618 -0.651903 -0.0136739 
-2.73824 -0.650481 -0.0136041 
-2.85068 -0.648938 -0.0143236 
-2.95185 -0.647523 -0.0117357 
-3.0683 -0.646197 -0.0113488 
-3.1893 -0.644722 -0.0122633 
-3.3037 -0.643247 -0.0135498 
-3.40792 -0.64179 -0.0133587 
-3.51279 -0.640334 -0.0136911 
-3.62109 -0.638777 -0.0151842 
-3.72314 -0.637207 -0.0163608 
-3.83816 -0.635261 -0.0174533 
-3.94771 -0.633294 -0.0186134 
-4.055 -0.630901 -0.0260233 
-4.16467 -0.628147 -0.0250813 
-4.28374 -0.625041 -0.0268459 
-4.39887 -0.62187 -0.0284149 
-4.50095 -0.618906 -0.0295309 
-4.61253 -0.615872 -0.0241312 
-4.72741 -0.613057 -0.0245932 
-4.82766 -0.610557 -0.0257949 
-4.93375 -0.607618 -0.0290543 
-5.03691 -0.604688 -0.0285832 
-5.09479 -0.599013 -0.23392 
-5.16529 -0.574086 -0.448887 
-5.25075 -0.523305 -0.655298 
-5.33122 -0.44771 -0.867191 
-5.40891 -0.346552 -0.935791 
-5.48786 -0.238856 -0.938464 
-5.5704 -0.126537 -0.936643 
-5.64676 -0.0221592 -0.939973 
-5.72126 0.079666 -0.937644 
-5.79636 0.181537 -0.934587 
-5.87501 0.287891 -0.935495 
-5.94986 0.3894 -0.935519 
