2.4 0 0 
0.104216 0.000238866 0.0027409 
0.20808 0.000454625 0.0020944 
0.31029 0.000785992 0.00488692 
0.417464 0.00152017 0.00873678 
0.520154 0.00253103 0.010821 
0.625691 0.00385974 0.0136587 
0.733246 0.00537528 0.0142315 
0.835048 0.00712778 0.019343 
0.937602 0.00932511 0.0229185 
1.04039 0.0119717 0.0318275 
1.14511 0.0155001 0.036324 
1.2505 0.0197144 0.0436685 
1.35492 0.0241256 0.0414701 
1.46237 0.0285775 0.0426455 
1.56577 0.0332356 0.0467034 
1.67123 0.0381793 0.047822 
1.77895 0.0432537 0.0456014 
1.87988 0.0480039 0.0481711 
1.9827 0.0529575 0.0484551 
2.08339 0.0577973 0.0523207 
2.18658 0.0633965 0.056678 
2.29038 0.0693942 0.0604737 
2.39316 0.075661 0.0606291 
2.49985 0.0822014 0.0625322 
2.6023 0.0886951 0.0637903 
2.70698 0.0955122 0.0659707 
2.81369 0.102655 0.0672738 
2.91599 0.109443 0.0682649 
3.01758 0.116491 0.070878 
3.11857 0.123813 0.0741753 
3.22288 0.13177 0.0789011 
3.32404 0.139894 0.0812219 
3.42753 0.148486 0.0841172 
3.53286 0.157525 0.0854291 
3.63977 0.166727 0.0863086 
3.74056 0.175465 0.0868612 
3.84154 0.184299 0.0902127 
3.94404 0.193872 0.0974019 
4.04707 0.204182 0.101606 
4.14839 0.214708 0.105261 
4.25436 0.225852 0.104389 
4.35471 0.236569 0.10695 
4.45839 0.247696 0.106667 
4.56386 0.258981 0.106974 
4.67057 0.270495 0.105893 
4.77081 0.281364 0.108332 
4.87173 0.291829 0.0976276 
4.97505 0.30203 0.0997938 
5.07942 0.312628 0.101506 
5.18122 0.323095 0.103111 
5.28787 0.334356 0.10733 
5.38871 0.345287 0.109338 
5.4924 0.356849 0.112201 
5.59838 0.368916 0.115813 
5.70567 0.381519 0.119381 
5.81378 0.394524 0.121997 
5.91447 0.406859 0.124151 
6.01475 0.420082 0.134189 
6.12135 0.434757 0.137408 
6.22776 0.449579 0.140103 
6.33267 0.464516 0.140022 
6.44031 0.479781 0.141099 
6.54315 0.494518 0.143209 
6.64857 0.50963 0.141087 
6.75463 0.52474 0.141749 
6.86256 0.54004 0.139106 
6.97021 0.555132 0.13917 
7.07136 0.569245 0.139782 
7.17188 0.58352 0.145003 
7.27537 0.598887 0.14903 
7.37679 0.614206 0.152017 
7.47736 0.629565 0.152297 
7.58235 0.645749 0.152718 
7.68356 0.661534 0.156597 
7.7858 0.677847 0.159698 
7.89136 0.694975 0.160327 
7.99655 0.712187 0.16374 
8.10271 0.730168 0.169398 
8.20282 0.747304 0.169297 
8.30598 0.76504 0.171355 
8.41291 0.783694 0.174994 
8.51943 0.80263 0.176636 
8.62174 0.820948 0.178614 
8.72838 0.840328 0.180833 
8.82881 0.858763 0.184516 
8.93206 0.878245 0.187932 
9.03692 0.898455 0.191254 
9.14381 0.919078 0.190019 
9.25107 0.939667 0.190005 
9.35453 0.959641 0.195189 
9.46046 0.980821 0.198219 
9.56544 1.00211 0.206596 
9.66978 1.02396 0.206111 
9.77334 1.04588 0.212607 
9.87622 1.06827 0.216086 
9.97676 1.0905 0.218413 
10.0812 1.11382 0.220139 
10.188 1.13769 0.2203 
