1.6 0 0 
0.103417 5.21393e-05 0.000632684 
0.223349 0.000175878 0.0015708 
0.326103 0.00033919 0.00119597 
0.427882 0.000440913 0.00178286 
0.53373 0.000611514 0.000695596 
0.637078 0.000670578 0.00073827 
0.743784 0.000287903 -0.0295331 
0.845603 -0.00794922 -0.158841 
0.949757 -0.0319319 -0.337996 
1.04609 -0.0756831 -0.544772 
1.134 -0.141028 -0.761389 
1.20593 -0.223334 -0.974969 
1.25795 -0.318516 -1.19148 
1.2889 -0.424227 -1.4142 
1.29607 -0.533272 -1.63373 
1.27859 -0.644065 -1.85552 
1.23817 -0.746192 -2.08062 
1.16159 -0.854537 -2.28678 
1.06432 -0.961562 -2.31964 
0.958237 -1.07386 -2.33079 
0.929588 -1.10674 -2.12384 
0.926155 -1.11349 -1.92038 
0.923373 -1.12475 -1.719 
0.922792 -1.19166 -1.5144 
0.930748 -1.30044 -1.49337 
0.935775 -1.40196 -1.56825 
0.935983 -1.50433 -1.5478 
0.941532 -1.61271 -1.4955 
0.951726 -1.71656 -1.4579 
0.96325 -1.82525 -1.50241 
0.966062 -1.92978 -1.60693 
0.953594 -2.03918 -1.78037 
0.923117 -2.14365 -1.95787 
0.861472 -2.26062 -2.17736 
0.775026 -2.36216 -2.40482 
0.670484 -2.44359 -2.53943 
0.559736 -2.51847 -2.54467 
0.446359 -2.59599 -2.53818 
0.335048 -2.67316 -2.53264 
0.221454 -2.75283 -2.52599 
0.108034 -2.83322 -2.52275 
-0.00521257 -2.91439 -2.51748 
-0.12089 -2.99249 -2.61698 
-0.222682 -3.04369 -2.74796 
-0.331445 -3.0808 -2.86931 
-0.43609 -3.10906 -2.88108 
-0.549528 -3.13935 -2.87987 
-0.655678 -3.16788 -2.87846 
-0.755848 -3.19474 -2.87977 
-0.862799 -3.22335 -2.8791 
-0.977278 -3.2542 -2.87648 
-1.08436 -3.28329 -2.87683 
-1.19778 -3.31234 -2.9344 
-1.30179 -3.32808 -3.05939 
-1.41166 -3.33472 -3.0893 
-1.52077 -3.34029 -3.09116 
-1.62142 -3.34493 -3.09782 
-1.72947 -3.34837 3.11153 
-1.83126 -3.33677 2.986 
-1.93358 -3.32129 2.99638 
-2.04623 -3.30488 2.99729 
-2.14748 -3.29022 2.999 
-2.24943 -3.27536 2.97841 
-2.36465 -3.25025 2.83921 
-2.47103 -3.21377 2.79997 
-2.57538 -3.17642 2.79563 
-2.68834 -3.13539 2.79168 
-2.80121 -3.09428 2.7941 
-2.91528 -3.05302 2.79541 
-3.02172 -3.01472 2.79733 
-3.1278 -2.97679 2.79966 
-3.19437 -2.94762 2.58664 
-3.29865 -2.87373 2.50636 
-3.4135 -2.78883 2.50352 
-3.53054 -2.70184 2.50176 
-3.6333 -2.62536 2.49961 
-3.72939 -2.54733 2.27235 
-3.79416 -2.44923 2.05916 
-3.84329 -2.34855 2.00594 
-3.89125 -2.24524 2.00477 
-3.93669 -2.14231 1.87063 
-3.94481 -2.10136 1.64294 
-3.94251 -2.0489 1.42666 
-3.92074 -1.95867 1.22308 
-3.87256 -1.84958 1.10027 
-3.81607 -1.74118 1.08007 
-3.75783 -1.63387 1.06916 
-3.68809 -1.52399 0.893952 
-3.60555 -1.44083 0.653028 
-3.51939 -1.386 0.445655 
-3.40649 -1.34589 0.236134 
-3.3038 -1.32372 0.197571 
-3.25162 -1.31666 -0.00516001 
-3.14951 -1.32511 -0.136424 
-3.03852 -1.34037 -0.136922 
-2.93825 -1.35434 -0.140461 
-2.83513 -1.36898 -0.141413 
-2.73291 -1.38342 -0.141096 
-2.63155 -1.39791 -0.138634 
-2.51552 -1.41323 -0.131263 
-2.40092 -1.43361 -0.263881 
-2.28711 -1.47259 -0.445201 
-2.19419 -1.52873 -0.65287 
-2.09329 -1.61166 -0.700197 
-2.03074 -1.67531 -0.922042 
-1.97558 -1.7683 -1.16056 
-1.94336 -1.86848 -1.37099 
-1.9264 -1.97342 -1.4233 
-1.91137 -2.08175 -1.4344 
-1.89533 -2.19893 -1.43449 
-1.88152 -2.29945 -1.43365 
-1.86262 -2.40579 -1.22533 
-1.85262 -2.42788 -1.0222 
-1.78618 -2.51642 -0.800002 
-1.67763 -2.6139 -0.728666 
-1.57498 -2.70551 -0.727259 
-1.47202 -2.7967 -0.722594 
-1.369 -2.8864 -0.711876 
-1.26173 -2.97692 -0.642464 
-1.15895 -3.03906 -0.496664 
-1.05301 -3.09633 -0.494277 
-0.946057 -3.15383 -0.492881 
-0.84373 -3.20868 -0.489353 
-0.743585 -3.25548 -0.305593 
-0.630939 -3.28677 -0.263516 
-0.520273 -3.31668 -0.263952 
-0.405235 -3.34767 -0.261203 
-0.299407 -3.37596 -0.259928 
-0.198373 -3.40262 -0.253465 
-0.0832146 -3.43249 -0.253518 
0.0343367 -3.46289 -0.253402 
0.14229 -3.49073 -0.248477 
0.245587 -3.51689 -0.247488 
0.355631 -3.54424 -0.240197 
0.47161 -3.57258 -0.239724 
0.588959 -3.60112 -0.236633 
0.694561 -3.62654 -0.236613 
0.794708 -3.65047 -0.233104 
0.911819 -3.67852 -0.2343 
1.02949 -3.7063 -0.230015 
1.14302 -3.73285 -0.22955 
1.2471 -3.75701 -0.226026 
1.3506 -3.78071 -0.224576 
1.46529 -3.8068 -0.222398 
1.56871 -3.82925 -0.1727 
1.67021 -3.83711 -0.00546356 
1.78776 -3.83873 -0.0109694 
1.88923 -3.83966 -0.00655767 
1.98958 -3.84032 -0.00637313 
2.09395 -3.84097 -0.0053769 
2.1957 -3.84146 -0.00447304 
2.29637 -3.84175 -0.000223713 
2.39857 -3.84163 0.00191821 
