1.6 0 0 
0.116491 -0.000182691 0.00235266 
0.21665 3.14276e-06 -0.000519088 
0.337468 -0.000288291 -0.00117427 
0.43873 -0.000326454 -8.81393e-05 
0.543204 -0.000401747 -0.000277254 
0.646822 -0.000311709 0.00149449 
0.753708 -0.000274018 -0.000109236 
0.859203 -0.000223956 0.000470872 
0.968614 -0.000271851 -0.000922674 
1.07636 -0.000388096 -0.000687505 
1.18663 -0.00035205 0.0033291 
1.29522 0.000184541 0.00565423 
1.40963 0.000528233 0.00261799 
1.51402 0.000813138 0.00366519 
1.4139 0.00105365 -0.00443561 
1.30241 0.00177463 -0.0102405 
1.19627 0.00361305 -0.0752292 
1.17959 0.00511529 -0.305897 
1.19684 -0.00208365 -0.522911 
1.21607 -0.0163144 -0.742358 
1.30712 -0.121445 -0.881662 
1.39034 -0.227626 -0.994985 
1.42076 -0.283501 -1.22261 
1.43394 -0.341256 -1.43213 
1.4485 -0.459756 -1.45555 
1.46015 -0.565549 -1.46778 
1.47076 -0.672851 -1.47938 
1.48009 -0.778328 -1.48871 
1.48598 -0.882618 -1.59714 
1.47513 -0.988745 -1.70904 
1.45905 -1.10111 -1.71964 
1.44241 -1.20844 -1.73157 
1.42407 -1.31866 -1.74109 
1.40477 -1.42718 -1.75294 
1.3846 -1.53619 -1.7588 
1.36272 -1.64753 -1.77012 
1.34023 -1.75784 -1.77609 
1.31878 -1.86973 -1.70817 
1.30991 -1.96991 -1.60436 
1.30747 -2.07127 -1.59485 
1.30483 -2.18092 -1.59682 
1.30138 -2.29747 -1.60302 
1.29851 -2.41151 -1.56457 
1.30504 -2.51929 -1.4352 
1.32131 -2.62015 -1.40159 
1.33828 -2.72018 -1.39429 
1.36602 -2.8242 -1.29474 
1.39772 -2.93588 -1.29224 
1.43131 -3.05328 -1.29173 
1.46106 -3.15682 -1.29067 
1.49078 -3.25944 -1.28821 
1.51949 -3.36101 -1.35326 
1.53293 -3.46919 -1.52366 
1.53102 -3.57561 -1.62471 
1.52293 -3.69567 -1.68495 
1.49804 -3.81508 -1.91415 
1.44963 -3.91682 -2.13461 
1.37981 -4.01712 -2.20201 
1.30016 -4.12415 -2.21006 
1.21714 -4.23594 -2.20856 
1.13572 -4.34622 -2.20659 
1.05975 -4.4493 -2.20443 
0.978174 -4.54967 -2.35222 
0.869746 -4.65897 -2.35132 
0.77311 -4.76039 -2.26437 
0.696118 -4.87275 -2.03872 
0.659134 -4.96539 -1.82533 
0.639901 -5.07462 -1.66667 
0.648553 -4.97047 -1.66035 
0.657752 -4.86885 -1.66131 
0.666972 -4.76885 -1.6651 
0.676971 -4.66444 -1.667 
0.686849 -4.56251 -1.66805 
0.696931 -4.46217 -1.67243 
0.707449 -4.36047 -1.67836 
0.719921 -4.24732 -1.68315 
0.733381 -4.12998 -1.68783 
0.745776 -4.02851 -1.71179 
0.769155 -3.91496 -1.86638 
0.8045 -3.8255 -2.10646 
0.880248 -3.72354 -2.12284 
0.882704 -3.71957 -1.91636 
0.882602 -3.71997 -1.68818 
0.882606 -3.71985 -1.48531 
0.882616 -3.71985 -1.27687 
0.83727 -3.60782 -1.18796 
0.795029 -3.49621 -1.27259 
0.767964 -3.38037 -1.39281 
0.747144 -3.26387 -1.38459 
0.715222 -3.14506 -1.18368 
0.669238 -3.05579 -0.973625 
0.581336 -2.94953 -0.81849 
0.477177 -2.8398 -0.809479 
0.368701 -2.72533 -0.817152 
0.271983 -2.62189 -0.819566 
0.177542 -2.52047 -0.82468 
0.0827553 -2.41751 -0.828936 
-0.0140648 -2.31128 -0.833682 
-0.108865 -2.20642 -0.838035 
-0.203918 -2.10041 -0.84226 
-0.29891 -1.99341 -0.847129 
-0.390831 -1.88898 -0.851267 
-0.478638 -1.78801 -0.857829 
-0.567524 -1.68484 -0.862553 
-0.658419 -1.57864 -0.864193 
-0.752159 -1.46836 -0.86681 
-0.83689 -1.36799 -0.873711 
-0.922358 -1.26551 -0.915823 
-0.94099 -1.23537 -1.11729 
-0.965412 -1.1697 -1.32883 
-0.979131 -1.07804 -1.54432 
-0.974129 -0.963414 -1.66397 
-0.96224 -0.846895 -1.67912 
-0.95091 -0.746305 -1.68919 
-0.937063 -0.635449 -1.7041 
-0.922722 -0.535019 -1.72775 
-0.905867 -0.430173 -1.73279 
-0.887599 -0.322343 -1.76938 
-0.857246 -0.22091 -1.94186 
-0.823057 -0.139209 -2.14345 
-0.747768 -0.0334674 -2.21684 
-0.668514 0.0678293 -2.25844 
-0.648362 0.0956089 -2.47067 
-0.75607 0.0262938 -2.64952 
-0.847199 -0.012646 -2.85031 
-0.932266 -0.0300052 -3.05606 
-1.03521 -0.0323132 3.1264 
-1.13655 -0.0300745 -3.12361 
-1.24409 -0.048854 -2.93583 
-1.36393 -0.0750635 -2.91112 
-1.48109 -0.103945 -2.88471 
-1.59224 -0.134612 -2.85455 
-1.69296 -0.167314 -2.80934 
-1.80604 -0.206176 -2.81013 
-1.92113 -0.245922 -2.80893 
-2.02799 -0.282793 -2.80758 
-2.13214 -0.318859 -2.8091 
-2.19458 -0.343948 -2.60384 
-2.23919 -0.376554 -2.39652 
-2.33291 -0.485263 -2.16381 
-2.37858 -0.5677 -1.95647 
-2.41257 -0.670813 -1.8459 
-2.44034 -0.772082 -1.83681 
-2.46816 -0.874462 -1.8345 
-2.49724 -0.988641 -1.77224 
-2.51167 -1.09621 -1.6297 
-2.51631 -1.1981 -1.61245 
-2.5202 -1.30174 -1.60375 
-2.52343 -1.41033 -1.59747 
-2.5262 -1.51442 -1.59667 
-2.52881 -1.61625 -1.59699 
-2.5305 -1.73519 -1.53982 
-2.51942 -1.84512 -1.39236 
-2.49981 -1.94775 -1.37516 
-2.47939 -2.04936 -1.37171 
-2.45645 -2.16243 -1.3697 
-2.43255 -2.2794 -1.36927 
-2.41173 -2.38098 -1.35965 
-2.38208 -2.49495 -1.2295 
-2.34158 -2.59495 -1.16137 
-2.32191 -2.63059 -1.37928 
-2.32895 -2.53562 -1.62079 
-2.31508 -2.43921 -1.84455 
-2.28021 -2.34728 -2.0558 
-2.21672 -2.24546 -2.19889 
-2.13178 -2.13043 -2.2183 
-2.05477 -2.02965 -2.22826 
-1.97563 -1.92879 -2.24479 
-1.89452 -1.82826 -2.25669 
-1.8095 -1.72669 -2.28428 
-1.7164 -1.62029 -2.29499 
-1.62367 -1.5157 -2.2993 
-1.5289 -1.4097 -2.30145 
-1.4323 -1.30202 -2.30376 
-1.33558 -1.19442 -2.30175 
-1.24253 -1.09123 -2.30703 
-1.14583 -0.985393 -2.31515 
-1.05362 -0.885318 -2.31541 
-0.957805 -0.781727 -2.31963 
-0.859927 -0.67692 -2.32529 
-0.756389 -0.566943 -2.32525 
