1.6 0 0 
0.0476616 0.00482944 0.208626 
0.146193 0.0374886 0.444194 
0.245362 0.098458 0.669826 
0.349897 0.189716 0.740174 
0.45612 0.28746 0.746928 
0.562853 0.386849 0.752514 
0.670669 0.488184 0.757505 
0.77942 0.591546 0.761591 
0.888808 0.696103 0.760473 
1.00128 0.803648 0.767203 
1.11194 0.910616 0.76924 
1.22383 1.01936 0.772483 
1.33599 1.12888 0.775338 
1.44869 1.23944 0.777019 
1.56362 1.35309 0.781349 
1.67643 1.4653 0.78428 
1.78954 1.57843 0.787512 
1.90336 1.69292 0.788889 
2.01701 1.80777 0.791519 
2.11561 1.90791 0.795342 
2.214 2.00838 0.796743 
2.32759 2.12497 0.799193 
2.42618 2.2265 0.801214 
2.52495 2.3285 0.802058 
2.62419 2.43134 0.804597 
2.72396 2.53714 0.866838 
2.79915 2.6433 1.00909 
2.86384 2.74645 1.01271 
2.93895 2.86709 1.01558 
3.00083 2.96712 1.01857 
3.06253 3.06741 1.02037 
3.12507 3.16961 1.02503 
3.18655 3.27104 1.02798 
3.24772 3.37282 1.03144 
3.30888 3.47539 1.03498 
3.3692 3.57732 1.03814 
3.43826 3.69496 1.04261 
3.49636 3.79503 1.04833 
3.55385 3.89616 1.05661 
3.61353 4.00241 1.0607 
3.67184 4.10668 1.06194 
3.7279 4.20737 1.06368 
3.78857 4.31695 1.06778 
3.84047 4.41154 0.847989 
3.84086 4.41192 0.632379 
3.84115 4.4121 0.405574 
3.84116 4.41211 0.172187 
3.84123 4.41212 -0.0289777 
3.84127 4.41212 -0.24105 
3.8414 4.41207 -0.442874 
3.94846 4.35377 -0.495161 
4.05333 4.2974 -0.491703 
4.15774 4.24169 -0.488169 
4.25902 4.18818 -0.481521 
4.35976 4.13586 -0.47254 
4.47006 4.07936 -0.471799 
4.57582 4.02544 -0.471534 
4.68322 3.97065 -0.470979 
4.78574 3.91862 -0.4694 
4.89886 3.86143 -0.466828 
5.00635 3.80777 -0.462163 
5.11327 3.75472 -0.459392 
5.21401 3.70513 -0.456809 
5.31686 3.65455 -0.455431 
5.42339 3.60247 -0.453791 
5.534 3.54901 -0.447841 
5.6385 3.49894 -0.446059 
5.74811 3.44669 -0.443916 
5.85722 3.39484 -0.443292 
5.96409 3.34426 -0.441109 
6.0654 3.29677 -0.434339 
6.17591 3.24567 -0.432398 
6.28526 3.19525 -0.43064 
6.38616 3.14905 -0.428219 
6.49136 3.10131 -0.423135 
6.60131 3.05199 -0.420486 
6.70742 3.00457 -0.418702 
6.81389 2.95724 -0.41774 
6.90308 2.91779 -0.628525 
6.90362 2.9173 -0.842405 
6.90407 2.91669 -1.06512 
6.90524 2.91321 -1.27976 
6.92045 2.85113 -1.48429 
6.9287 2.74872 -1.48911 
6.93661 2.63874 -1.53703 
6.93214 2.5424 -1.75856 
6.90373 2.45173 -1.96312 
6.83795 2.34239 -2.14554 
6.76509 2.23033 -2.14974 
6.6982 2.12836 -2.15251 
6.63045 2.0257 -2.15628 
6.55765 1.91629 -2.15845 
6.48918 1.81331 -2.15627 
6.42241 1.71236 -2.15364 
6.3527 1.60651 -2.15167 
6.28651 1.50531 -2.14891 
6.21872 1.40092 -2.14573 
6.14425 1.2857 -2.14414 
6.0778 1.18268 -2.14265 
6.00386 1.06776 -2.14157 
5.93578 0.96131 -2.13873 
5.87055 0.858006 -2.13214 
5.80716 0.756952 -2.13086 
5.74242 0.653624 -2.12971 
5.67819 0.550921 -2.12982 
5.61256 0.445737 -2.12721 
5.54593 0.338424 -2.12399 
5.48143 0.233804 -2.12246 
5.41878 0.132028 -2.12274 
5.35465 0.0275123 -2.12045 
5.29285 -0.0738216 -2.11575 
5.22249 -0.18953 -2.11786 
5.15947 -0.292931 -2.11766 
5.09837 -0.393254 -2.11778 
5.03202 -0.502801 -2.11367 
4.97093 -0.604329 -2.11133 
4.90395 -0.716274 -2.10864 
4.84257 -0.819155 -2.10779 
4.78194 -0.921346 -2.10565 
4.70774 -1.03031 -2.32263 
4.63509 -1.09166 -2.56194 
4.53094 -1.14507 -2.80039 
4.43514 -1.17002 -3.00338 
4.33215 -1.17511 3.06775 
4.23547 -1.15943 2.86315 
4.13134 -1.1232 2.78047 
4.02284 -1.08106 2.76794 
3.91725 -1.03981 2.77099 
3.80617 -0.996664 2.77184 
3.69189 -0.952437 2.77315 
3.58602 -0.911691 2.77483 
3.48548 -0.873111 2.77952 
3.38326 -0.834676 2.78323 
3.27316 -0.793619 2.78594 
3.15898 -0.751265 2.78684 
3.04869 -0.710572 2.79056 
2.94829 -0.673843 2.79375 
2.83463 -0.633169 2.80047 
2.7207 -0.593068 2.80404 
2.61194 -0.554928 2.80474 
2.5061 -0.517941 2.80768 
