1.6 0 0 
-0.113103 0.000383413 -0.00387917 
-0.214435 0.000842352 -0.00631904 
-0.333434 0.0018797 -0.01082 
-0.43722 0.0030738 -0.0133368 
-0.540048 0.00465582 -0.0166965 
-0.644317 0.00630646 -0.0161222 
-0.748743 0.00811421 -0.019214 
-0.854061 0.0102454 -0.0227494 
-0.964117 0.0126734 -0.0225288 
-1.0715 0.0150572 -0.0232713 
-1.17992 0.0177709 -0.0279562 
-1.28874 0.0207587 -0.0268447 
-1.39807 0.0238541 -0.0299992 
-1.5088 0.0271699 -0.0305079 
-1.62203 0.0307919 -0.0335301 
-1.73391 0.034436 -0.0315263 
-1.84566 0.038191 -0.0348102 
-1.95815 0.0421274 -0.0362965 
-2.07117 0.0463623 -0.038306 
-2.18674 0.0508265 -0.0399144 
-2.30105 0.0554835 -0.0413396 
-2.41494 0.0601873 -0.0428251 
-2.53016 0.0652133 -0.0445055 
-2.64727 0.0703337 -0.0452064 
-2.76305 0.0756926 -0.0466527 
-2.87952 0.0812343 -0.0495051 
-2.99472 0.0870604 -0.0501742 
-3.11124 0.0929911 -0.0527888 
-3.22043 0.098845 -0.0543307 
-3.32093 0.104399 -0.0582582 
-3.41975 0.110298 0.167787 
-3.42012 0.110217 0.391355 
-3.42045 0.11003 0.608932 
-3.30758 0.195459 0.658293 
-3.1948 0.283382 0.666249 
-3.08291 0.37243 0.677149 
-2.97001 0.463986 0.686787 
-2.85605 0.5584 0.699359 
-2.74224 0.655071 0.707322 
-2.62791 0.75319 0.716229 
-2.51369 0.852972 0.721567 
-2.3984 0.955036 0.727731 
-2.28283 1.05839 0.73346 
-2.1802 1.15145 0.769992 
-2.07684 1.26356 0.842031 
-1.97577 1.37789 0.85244 
-1.87778 1.49135 0.88894 
-1.81717 1.57894 1.1149 
-1.81269 1.59002 1.33611 
-1.81142 1.60036 1.55823 
-1.815 1.6364 1.7691 
-1.84189 1.74089 1.85755 
-1.87446 1.8418 1.91443 
-1.91368 1.94363 1.96971 
-1.96673 2.06045 2.03008 
-2.02799 2.17674 2.09334 
-2.09694 2.29095 2.14284 
-2.17066 2.39963 2.19478 
-2.25079 2.50642 2.24404 
-2.33214 2.61338 2.14009 
-2.3757 2.7003 1.93789 
-2.41552 2.80555 1.93221 
-2.43411 2.86316 1.71052 
-2.43445 2.8817 1.50575 
-2.41696 2.99484 1.38353 
-2.39591 3.09738 1.34302 
-2.36978 3.20133 1.30318 
-2.34014 3.30313 1.26553 
-2.30633 3.40453 1.22996 
-2.26886 3.50567 1.19729 
-2.22778 3.60586 1.16345 
-2.18065 3.71854 1.23898 
-2.16621 3.76769 1.44681 
-2.16609 3.77562 1.67504 
-2.19271 3.88256 1.85475 
-2.22342 3.98295 1.88879 
-2.26401 4.10015 1.92343 
-2.30399 4.20618 1.91617 
-2.3425 4.32105 1.89398 
-2.38434 4.43999 1.92699 
-2.42248 4.54037 1.94408 
-2.46295 4.64131 1.9621 
-2.50639 4.74408 1.98318 
-2.55115 4.84441 2.00068 
-2.5977 4.94457 2.01429 
-2.64669 5.04599 2.03366 
-2.59273 4.93772 2.03401 
-2.53979 4.83138 2.03046 
-2.4894 4.72908 2.02493 
-2.43732 4.62228 2.01344 
-2.42322 4.58723 1.81143 
-2.42319 4.58705 1.58165 
-2.42318 4.58701 1.36115 
-2.38932 4.69568 1.2701 
-2.35362 4.81031 1.26711 
-2.31726 4.92644 1.26798 
-2.28106 5.042 1.26636 
-2.2452 5.15609 1.26551 
-2.21318 5.25754 1.26651 
-2.18192 5.35779 1.27264 
-2.14529 5.4572 1.03698 
-2.06876 5.56691 0.824421 
-1.99674 5.63191 0.615136 
-1.90991 5.68153 0.393793 
-1.81733 5.71069 0.179567 
-1.7117 5.7228 0.0448671 
-1.6083 5.72433 -0.0923648 
-1.55338 5.71323 -0.303853 
-1.44669 5.67558 -0.344174 
-1.33628 5.63634 -0.339766 
-1.2336 5.60003 -0.339541 
-1.12489 5.56181 -0.33432 
-1.0114 5.52239 -0.335854 
-0.91129 5.48795 -0.326539 
-0.821269 5.44995 -0.531921 
-0.732739 5.38382 -0.775489 
-0.669492 5.30933 -0.989487 
-0.616362 5.20797 -1.19398 
-0.57636 5.10503 -1.21953 
-0.535074 4.98951 -1.23696 
-0.49383 4.86956 -1.24211 
-0.454308 4.75257 -1.24969 
-0.420434 4.64978 -1.25442 
-0.387446 4.54782 -1.25899 
-0.35157 4.43602 -1.26042 
-0.314799 4.32089 -1.27563 
-0.287768 4.21233 -1.41055 
-0.273266 4.1036 -1.44915 
-0.26052 3.99531 -1.45642 
-0.248618 3.89055 -1.45915 
-0.237471 3.79026 -1.46135 
-0.225871 3.68411 -1.46454 
-0.213447 3.56938 -1.46182 
-0.199932 3.44918 -1.46634 
-0.189014 3.32902 -1.49419 
-0.185841 3.21566 -1.59693 
-0.196228 3.10156 -1.78738 
-0.227068 3.00139 -1.89389 
-0.248886 2.95319 -2.13193 
-0.299729 2.88704 -2.33235 
-0.372942 2.82289 -2.5449 
-0.459007 2.77511 -2.76019 
-0.554775 2.74639 -2.9746 
-0.655863 2.73765 3.13075 
-0.759075 2.74289 3.06611 
-0.867963 2.74848 3.09637 
-0.974174 2.75466 3.0727 
-0.988627 2.75097 2.83292 
-0.914527 2.71951 2.63066 
-0.834133 2.66448 2.41309 
-0.767598 2.5928 2.19738 
-0.715901 2.50509 1.97021 
-0.678768 2.39428 1.85203 
-0.647817 2.28413 1.8358 
-0.619277 2.17405 1.81413 
-0.593858 2.07161 1.81347 
-0.565713 1.95657 1.79103 
-0.545813 1.83684 1.68153 
-0.533555 1.71969 1.67552 
-0.517756 1.61952 1.84105 
-0.48209 1.5234 2.04722 
-0.411781 1.41416 2.22261 
-0.331951 1.31 2.22215 
-0.248002 1.19929 2.2184 
-0.164853 1.0864 2.15358 
-0.105378 0.980763 2.02365 
-0.0567446 0.879503 2.01596 
-0.00330379 0.7666 2.01003 
0.0476668 0.657136 2.00508 
0.0981586 0.548077 2.0025 
0.148879 0.437841 2.0026 
0.201296 0.323836 1.99976 
0.248506 0.220644 1.99948 
0.296033 0.116022 1.99431 
0.315933 0.0627893 1.79075 
0.32652 -0.0211638 1.58236 
0.318971 -0.118633 1.3676 
0.290364 -0.212535 1.15049 
0.241434 -0.299434 0.930878 
0.174147 -0.374095 0.7121 
0.0952992 -0.430593 0.501947 
-0.00610922 -0.477567 0.388708 
-0.0938997 -0.509004 0.174048 
-0.140887 -0.512313 -0.0429763 
-0.246016 -0.498479 -0.193658 
-0.355006 -0.47639 -0.204157 
-0.475334 -0.451061 -0.211925 
-0.587259 -0.426531 -0.218282 
-0.691732 -0.402955 -0.225796 
-0.803514 -0.376884 -0.231175 
-0.914446 -0.350586 -0.234992 
-1.0299 -0.322861 -0.235275 
-1.13948 -0.296416 -0.239459 
-1.24482 -0.270706 -0.238802 
-1.31117 -0.250764 -0.440226 
-1.37489 -0.212115 -0.653021 
-1.44641 -0.14621 -0.868837 
-1.50347 -0.0649927 -1.06948 
-1.55397 0.0410184 -1.16891 
-1.59852 0.147416 -1.18101 
-1.63908 0.249898 -1.20557 
-1.68293 0.364976 -1.20625 
-1.72263 0.477772 -1.28863 
-1.74716 0.592765 -1.47841 
-1.74722 0.693796 -1.69163 
-1.72607 0.791726 -1.91077 
-1.68003 0.894685 -2.06461 
-1.62184 0.99627 -2.24304 
-1.57641 1.04268 -2.45208 
-1.4962 1.09681 -2.66861 
-1.40464 1.13324 -2.89024 
-1.30442 1.14895 -3.11298 
-1.20497 1.14251 2.94371 
-1.1019 1.11341 2.79815 
-1.00067 1.07525 2.76279 
-0.887398 1.03016 2.76161 
-0.777398 0.985791 2.73591 
-0.673738 0.933663 2.58291 
-0.571226 0.86396 2.47392 
-0.461403 0.75526 2.26637 
-0.375854 0.651213 2.25421 
-0.292809 0.54754 2.20536 
-0.222266 0.433657 2.01551 
-0.187912 0.340224 1.79976 
-0.174148 0.237996 1.57631 
-0.182504 0.140197 1.36634 
-0.212838 0.0326335 1.25518 
-0.176342 0.136183 1.23669 
-0.137293 0.248236 1.23557 
-0.0991883 0.357754 1.23619 
-0.0638112 0.459495 1.23768 
