1.6 0 0 
0.104415 0.000334416 0.00518088 
0.215013 0.00101936 0.00823023 
0.31549 0.00206522 0.0144365 
0.418609 0.00378703 0.0184955 
0.529832 0.00619102 0.0247732 
0.631361 0.0087178 0.0246009 
0.733889 0.0112674 0.0255259 
0.839886 0.0139749 0.0260054 
0.947667 0.0168444 0.0270943 
1.05699 0.0198068 0.0268345 
1.16772 0.0228454 0.0285554 
1.2784 0.0258769 0.0261209 
1.39184 0.0289638 0.028544 
1.50599 0.0321047 0.0291707 
1.62021 0.0353331 0.0277507 
1.72138 0.0379957 0.0252051 
1.82317 0.0406789 0.0275658 
1.92392 0.043498 0.0282206 
2.02676 0.0464123 0.0293215 
2.1301 0.0493976 0.027053 
2.23425 0.0522743 0.0276297 
2.33894 0.0551653 0.0261798 
2.44519 0.0578829 0.0249542 
2.55038 0.060519 0.025573 
2.65592 0.0630604 0.023381 
2.76181 0.0655371 0.0229662 
2.86943 0.0679373 0.0223402 
2.9753 0.0702855 0.021218 
3.08226 0.0724916 0.0207694 
3.18871 0.0746208 0.0199554 
3.2954 0.076738 0.019842 
3.40248 0.0788237 0.0186139 
3.50938 0.0807959 0.0178407 
3.61646 0.0827198 0.0170033 
3.72393 0.084488 0.0165658 
3.8313 0.0862561 0.0160786 
3.93864 0.087989 0.0185277 
4.04636 0.0899513 0.018032 
4.15411 0.0917429 0.0157294 
4.26195 0.0934958 0.0162146 
4.36971 0.0950438 0.0118056 
4.47603 0.096295 0.0113836 
4.58415 0.0973759 0.00925025 
4.69209 0.0984639 0.0104268 
4.79842 0.0992731 0.00548101 
4.90694 0.0998881 0.00613718 
5.01585 0.100468 0.00273113 
5.12462 0.100693 0.0016555 
5.23158 0.100706 -0.000494052 
5.33472 0.100828 0.00332956 
5.44433 0.101384 0.00582072 
5.55691 0.102305 0.0130276 
5.65965 0.103547 0.0117176 
5.76434 0.104715 0.010821 
5.87094 0.105927 0.0104222 
5.97781 0.107074 0.0120424 
6.0839 0.108298 0.0102271 
6.19561 0.109545 0.0133275 
6.30622 0.11113 0.0142774 
6.40676 0.112503 0.015559 
6.5102 0.114341 0.0198533 
6.61433 0.116368 0.0185918 
6.71469 0.118088 0.0169297 
6.82943 0.11958 0.0148031 
6.93195 0.121159 0.0148977 
7.03366 0.122741 0.01571 
7.13663 0.124378 0.0158352 
7.24389 0.126153 0.0167501 
7.34934 0.127934 0.0166856 
7.45782 0.129822 0.0195898 
7.5681 0.132087 0.0218251 
7.67854 0.134529 0.0223529 
7.78856 0.137098 0.0236475 
7.89102 0.139654 0.0305475 
7.995 0.143282 0.0362485 
8.11513 0.147582 0.0354717 
8.21728 0.151326 0.0372276 
8.32218 0.155187 0.0372962 
8.42628 0.159064 0.0371272 
8.53305 0.162881 0.035093 
8.63705 0.166534 0.0354302 
8.7484 0.170353 0.0336849 
8.85026 0.173639 0.0298451 
8.9582 0.176683 0.029602 
9.06127 0.179769 0.0307049 
9.16339 0.182939 0.0318696 
9.26923 0.186217 0.0310075 
9.3726 0.189409 0.0309779 
9.4839 0.192929 0.0334886 
9.58472 0.195343 -0.0905065 
9.63625 0.185495 -0.326752 
9.69904 0.156376 -0.565697 
9.79035 0.0835523 -0.777332 
9.89251 -0.0200403 -0.802218 
9.99354 -0.125408 -0.81457 
10.0954 -0.234282 -0.824952 
10.1873 -0.338746 -1.00536 
10.2118 -0.388213 -1.23086 
10.2374 -0.498631 -1.42524 
10.2522 -0.600249 -1.43018 
10.2665 -0.702896 -1.435 
10.28 -0.80475 -1.44383 
10.2933 -0.908958 -1.44559 
10.3057 -1.01075 -1.45312 
10.3177 -1.11419 -1.45878 
10.3204 -1.17824 -1.68743 
10.2997 -1.27867 -1.81313 
10.2676 -1.38312 -1.97253 
10.2172 -1.489 -2.06318 
10.1439 -1.59646 -2.29403 
10.0722 -1.66332 -2.52543 
9.96114 -1.72757 -2.69674 
9.85507 -1.77682 -2.71457 
9.75153 -1.82266 -2.73633 
9.63546 -1.87257 -2.73472 
9.52257 -1.92092 -2.73668 
9.40812 -1.96999 -2.73662 
9.29155 -2.02003 -2.73522 
9.17453 -2.07048 -2.73445 
9.05789 -2.12073 -2.73456 
8.95553 -2.16473 -2.73695 
8.84896 -2.21076 -2.73049 
8.74365 -2.25667 -2.7305 
8.6313 -2.30571 -2.7342 
8.51771 -2.34871 -2.87215 
8.40326 -2.37551 -2.9317 
8.28473 -2.40064 -2.93413 
8.17917 -2.42285 -2.93592 
8.07495 -2.44419 -2.94156 
7.9724 -2.46539 -2.93879 
7.85434 -2.48965 -2.9388 
7.73373 -2.51458 -2.93732 
7.6322 -2.53551 -2.93805 
7.52971 -2.55674 -2.93809 
7.42601 -2.57811 -2.93797 
7.31852 -2.60035 -2.93728 
7.21841 -2.621 -2.9355 
7.10731 -2.64448 -2.93322 
6.99368 -2.66851 -2.93303 
6.8729 -2.69429 -2.93127 
6.772 -2.71579 -2.9317 
6.66978 -2.73774 -2.92909 
6.5685 -2.7595 -2.92905 
6.46019 -2.78291 -2.92876 
6.35681 -2.80517 -2.92915 
6.23962 -2.83066 -2.92534 
6.11967 -2.85699 -2.92399 
6.01929 -2.87922 -2.92521 
5.91788 -2.89861 -3.02156 
5.81283 -2.90482 -3.13616 
5.70496 -2.90538 -3.13826 
5.59643 -2.90576 -3.13926 
5.48866 -2.90583 3.13988 
5.37987 -2.90564 3.14013 
5.26773 -2.90514 3.13394 
5.16256 -2.90435 3.13501 
5.05435 -2.90338 3.13103 
4.97962 -2.90253 2.8944 
4.97931 -2.90242 2.68142 
4.97897 -2.90222 2.4613 
4.97877 -2.90201 2.23972 
4.97863 -2.9018 2.01068 
4.97852 -2.90149 1.78286 
4.97852 -2.90119 1.55005 
4.97855 -2.90095 1.31001 
4.97865 -2.9007 1.07303 
4.97882 -2.90045 0.828934 
4.97903 -2.90025 0.576096 
4.97927 -2.90014 0.335491 
4.97933 -2.90013 0.0783144 
4.97935 -2.90012 -0.173766 
4.97951 -2.90017 -0.393025 
4.87082 -2.85063 -0.43049 
4.76073 -2.79959 -0.436507 
4.65092 -2.74814 -0.442999 
4.53767 -2.69403 -0.448038 
4.42393 -2.63917 -0.451691 
4.32078 -2.58913 -0.451719 
4.22032 -2.54007 -0.460234 
4.11473 -2.48698 -0.469036 
4.0054 -2.43138 -0.474165 
3.89569 -2.37495 -0.477544 
3.78404 -2.31677 -0.481598 
3.67106 -2.25761 -0.484676 
3.56053 -2.19933 -0.485376 
3.45923 -2.14573 -0.489565 
3.35692 -2.09047 -0.496956 
3.2517 -2.03308 -0.501749 
3.14327 -1.97354 -0.502731 
3.03374 -1.91289 -0.509027 
2.92616 -1.85266 -0.51271 
2.81852 -1.79171 -0.514796 
2.71386 -1.73215 -0.523831 
2.60359 -1.66847 -0.524489 
2.49766 -1.60681 -0.529655 
2.39216 -1.54497 -0.533125 
2.28328 -1.48017 -0.538727 
2.18222 -1.41955 -0.543441 
2.08153 -1.35847 -0.546555 
1.97522 -1.29315 -0.554619 
1.87518 -1.23094 -0.558054 
1.77072 -1.16544 -0.563819 
1.66661 -1.09954 -0.565554 
1.55996 -1.03158 -0.568279 
1.45207 -0.962415 -0.572115 
1.34866 -0.895301 -0.58025 
1.24715 -0.828466 -0.584162 
1.14657 -0.761611 -0.588176 
1.04283 -0.692379 -0.589383 
0.939609 -0.623211 -0.591416 
0.831252 -0.550187 -0.596446 
0.730608 -0.481422 -0.602667 
0.62065 -0.405202 -0.608073 
0.520334 -0.3352 -0.611104 
0.420001 -0.264658 -0.61453 
0.318253 -0.192763 -0.616186 
0.215388 -0.11951 -0.619331 
0.106327 -0.0415376 -0.622304 
-0.00270016 0.0370856 -0.626996 
-0.102817 0.110031 -0.632659 
-0.218871 0.195102 -0.633557 
-0.322457 0.271484 -0.636798 
