1.6 0 0 
0.113965 0.000227035 0.00474831 
0.214709 0.000699899 0.00485205 
0.324945 0.00131709 0.00791899 
0.428997 0.00239287 0.014017 
0.569917 0.00464224 0.0168716 
0.671065 0.00643385 0.0178058 
0.771529 0.00830665 0.020286 
0.875192 0.0105002 0.0215914 
0.97776 0.0127477 0.0229876 
1.08391 0.0152798 0.0244981 
1.18859 0.0178794 0.0257474 
1.29667 0.0206985 0.0261656 
1.40316 0.0234436 0.0259938 
1.51286 0.0263899 0.0272681 
1.62094 0.0292231 0.0250697 
1.73244 0.0320511 0.026402 
1.84188 0.0348809 0.0265287 
1.95458 0.0379349 0.0270526 
2.06521 0.0409408 0.0277507 
2.17672 0.0440719 0.0280021 
2.29114 0.0472805 0.0288734 
2.40386 0.0505962 0.0296243 
2.51752 0.0539275 0.0300546 
2.62591 0.0571601 0.0291677 
2.72255 0.0560439 -0.187565 
2.73028 0.0538325 -0.406327 
2.73715 0.0501591 -0.617852 
2.7428 0.0453003 -0.835696 
2.74691 0.0398415 -1.05185 
2.74966 0.033761 -1.27546 
2.75091 0.0277774 -1.49311 
2.75083 0.0216649 -1.72022 
2.74948 0.0161426 -1.93945 
2.74707 0.0113176 -2.16552 
2.74379 0.00733869 -2.39556 
2.73995 0.00441643 -2.62236 
2.73433 0.00201178 -2.85223 
2.69268 -0.00497853 -3.05984 
2.57538 -0.0104719 -3.11853 
2.46815 -0.0105876 3.11766 
2.36213 -0.00630197 3.08107 
2.25286 0.00225318 3.04383 
2.1456 0.0144631 3.01032 
2.03595 0.0306053 2.97645 
1.92805 0.0499321 2.94975 
1.82076 0.0721789 2.92004 
1.71088 0.0981519 2.8953 
1.60344 0.126392 2.87045 
1.49379 0.158091 2.84752 
1.38646 0.191602 2.8262 
1.27717 0.228304 2.8087 
1.17032 0.266285 2.78848 
1.06403 0.306318 2.77295 
0.955254 0.349216 2.75497 
0.849442 0.393201 2.73906 
0.741565 0.440013 2.72216 
0.637402 0.485081 2.79884 
0.551352 0.507088 3.02108 
0.436338 0.517624 3.05806 
0.323677 0.527302 3.05224 
0.206156 0.538026 3.04889 
0.0918576 0.548998 3.04155 
-0.0256915 0.560979 3.03791 
-0.141352 0.573331 3.03236 
-0.256948 0.58616 3.0285 
-0.375398 0.599884 3.02361 
-0.491544 0.613781 3.02 
-0.610535 0.628534 3.01628 
-0.72653 0.643263 3.0123 
-0.843157 0.658633 3.00814 
-0.962423 0.674902 3.00261 
-1.07938 0.691439 2.99975 
-1.19945 0.708839 2.99445 
-1.31677 0.726387 2.99226 
-1.43388 0.744331 2.98684 
-1.55382 0.763241 2.98294 
-1.67057 0.782134 2.97971 
-1.79043 0.801727 2.97881 
-1.90746 0.82109 2.97677 
-2.02492 0.840699 2.97481 
-2.14479 0.861029 2.97297 
-2.2625 0.881143 2.97074 
-2.38255 0.901859 2.9696 
-2.50072 0.922451 2.96663 
-2.62089 0.943833 2.96478 
-2.73884 0.965133 2.96075 
-2.85652 0.986739 2.95912 
-2.97701 1.00917 2.95597 
-3.09495 1.03139 2.95357 
-3.21324 1.05412 2.95039 
-3.33391 1.0776 2.94727 
-3.45108 1.10076 2.94509 
-3.57213 1.12492 2.94343 
-3.6899 1.14867 2.94206 
-3.80763 1.17264 2.93948 
-3.91769 1.19516 2.94126 
-4.0307 1.21842 2.93688 
-4.13375 1.23978 2.93765 
-4.24656 1.26317 2.93669 
-4.35904 1.28622 2.95269 
-4.47034 1.3005 3.08643 
-4.57034 1.30487 3.10398 
-4.67528 1.30882 3.10432 
-4.77976 1.31266 3.10592 
-4.88723 1.31651 3.10599 
-4.99246 1.3202 3.10721 
-5.10822 1.32348 -3.13253 
-5.21539 1.31296 -2.97191 
-5.32045 1.29436 -2.96286 
-5.43175 1.27405 -2.95906 
-5.53865 1.25424 -2.95721 
-5.64861 1.2335 -2.9541 
-5.75974 1.21226 -2.95086 
-5.869 1.19099 -2.94821 
-5.98166 1.16881 -2.94554 
-6.09128 1.14688 -2.9433 
-6.20195 1.12449 -2.94026 
-6.31511 1.10127 -2.93769 
-6.42647 1.07812 -2.93505 
-6.53608 1.05508 -2.93363 
-6.63671 1.03372 -2.93008 
-6.73682 1.012 -2.92271 
-6.84473 0.987831 -2.92016 
-6.96252 0.961247 -2.9201 
-7.06302 0.938569 -2.91924 
-7.17774 0.91269 -2.91977 
-7.29154 0.886963 -2.9188 
-7.40509 0.861036 -2.91465 
-7.50954 0.836745 -2.91088 
-7.60987 0.813068 -2.90791 
-7.71215 0.788655 -2.9065 
-7.83023 0.760327 -2.9057 
-7.93092 0.736057 -2.90386 
-8.03259 0.711402 -2.90322 
-8.14836 0.683126 -2.89869 
-8.25393 0.657016 -2.89859 
-8.3026 0.643944 -2.67668 
-8.30719 0.64108 -2.46033 
-8.31073 0.637605 -2.23572 
-8.31339 0.633441 -2.00932 
-8.31478 0.6295 -1.77791 
-8.31521 0.62557 -1.54733 
-8.31486 0.622271 -1.34067 
-8.31391 0.619371 -1.13429 
-8.31246 0.616825 -0.932062 
-8.31059 0.614711 -0.726627 
-8.30848 0.613153 -0.51019 
-8.30631 0.612177 -0.303081 
-8.29202 0.609816 -0.0924978 
-8.17832 0.60855 0.0139093 
-8.07501 0.611084 0.0406041 
-7.97079 0.616466 0.0686664 
-7.8596 0.626083 0.109396 
-7.75845 0.640716 0.186216 
-7.65481 0.660281 0.188099 
-7.5362 0.682999 0.191114 
-7.41996 0.705509 0.1928 
-7.31976 0.725204 0.195939 
-7.21226 0.746767 0.203048 
-7.11064 0.767894 0.219207 
-7.00726 0.798509 0.446055 
-7.00076 0.802021 0.652792 
-6.99035 0.812438 0.854915 
-6.90746 0.920368 0.92485 
-6.82208 1.03364 0.923606 
-6.74516 1.13577 0.942107 
-6.68218 1.2361 1.11078 
-6.62616 1.35148 1.12159 
-6.57743 1.45282 1.14645 
-6.54204 1.55848 1.35803 
-6.52123 1.67112 1.39387 
-6.50189 1.78136 1.3973 
-6.48231 1.89562 1.41542 
-6.4681 2.00313 1.50713 
-6.46596 2.10443 1.56084 
-6.46494 2.22525 1.56133 
-6.4655 2.32722 1.62635 
-6.4808 2.42953 1.77298 
-6.50519 2.54477 1.78024 
-6.5287 2.65433 1.80665 
-6.56268 2.75765 1.98907 
-6.61069 2.86276 2.00432 
-6.65803 2.96447 2.00969 
-6.71228 3.07481 2.08187 
-6.78157 3.17825 2.27207 
-6.8775 3.29202 2.2694 
-6.96938 3.39959 2.3206 
-7.07123 3.49137 2.51963 
-7.15727 3.54218 2.72879 
-7.26843 3.57926 2.90476 
-7.36921 3.60119 2.94161 
-7.47759 3.61421 -3.12563 
-7.56992 3.60454 -2.92458 
-7.6656 3.57405 -2.71067 
-7.75212 3.52463 -2.50174 
-7.82881 3.45579 -2.28567 
-7.89129 3.36758 -2.07507 
-7.94248 3.26385 -2.00052 
-7.98947 3.15742 -1.98289 
-8.03763 3.04705 -1.9812 
-8.0865 2.93459 -1.97956 
-8.13243 2.82831 -1.97755 
-8.17891 2.72037 -1.97562 
-8.22299 2.61644 -1.9696 
-8.26837 2.50857 -1.96784 
-8.3154 2.39639 -1.96723 
-8.36247 2.2839 -1.96642 
-8.40692 2.17718 -1.96423 
-8.45224 2.06702 -1.95843 
-8.49982 1.95052 -1.95791 
-8.54574 1.83778 -1.95664 
-8.59147 1.72503 -1.95535 
-8.63196 1.62463 -1.95236 
-8.6732 1.52151 -1.94765 
-8.71577 1.41372 -1.94674 
-8.75946 1.30237 -1.92757 
-8.79415 1.192 -1.78797 
-8.81012 1.09185 -1.6196 
-8.8065 0.989843 -1.41373 
-8.77961 0.884965 -1.21844 
-8.7381 0.781599 -1.16912 
-8.68897 0.667552 -1.16424 
-8.64055 0.558 -1.11046 
-8.57985 0.454244 -0.981056 
-8.50366 0.351381 -0.791948 
-8.39171 0.242045 -0.706267 
-8.28583 0.165272 -0.504583 
-8.19239 0.124067 -0.296271 
-8.09375 0.10336 -0.0834331 
-7.98939 0.104233 0.104595 
-7.8878 0.117909 0.150418 
-7.77348 0.136755 0.165248 
-7.65872 0.155969 0.166091 
-7.57238 0.178998 0.380472 
-7.45643 0.231585 0.436558 
-7.35053 0.28205 0.502231 
-7.24344 0.359969 0.698421 
-7.13906 0.447673 0.701176 
-7.03363 0.536769 0.702989 
-6.94312 0.630158 0.904865 
-6.85619 0.74184 0.910887 
-6.77578 0.845847 0.935783 
-6.71294 0.949591 1.14222 
-6.66489 1.05562 1.14441 
-6.61673 1.16171 1.14469 
-6.56623 1.27285 1.14499 
-6.51523 1.38538 1.14494 
-6.46417 1.49809 1.14633 
-6.41627 1.60432 1.14783 
