1.6 0 0 
0.102856 9.0684e-05 0.000750078 
0.20439 0.000479602 0.00596907 
0.307492 0.00120244 0.00677379 
0.198952 0.000865044 0.00118504 
0.0850427 0.000852636 -0.0015898 
-0.0310854 0.00145018 -0.0058014 
-0.13318 0.00215753 -0.00853332 
-0.23463 0.00310175 -0.0103014 
-0.339371 0.00422403 -0.0116847 
-0.443141 0.00561878 -0.0148075 
-0.549698 0.00717061 -0.0153214 
-0.657473 0.00892604 -0.0172172 
-0.764174 0.0109002 -0.0164908 
-0.87371 0.0129431 -0.0194485 
-0.976335 0.0149879 -0.0223831 
-1.08707 0.0174194 -0.0221035 
-1.1927 0.0198015 -0.0225147 
-1.30441 0.0224614 -0.0253766 
-1.41753 0.0253071 -0.0252025 
-1.5302 0.028245 -0.0276827 
-1.64183 0.0313106 -0.0283769 
-1.75631 0.0346663 -0.0307178 
-1.87104 0.038105 -0.0300902 
-1.98435 0.0416227 -0.0320162 
-2.09991 0.0452937 -0.0319395 
-2.21396 0.049057 -0.0329867 
-2.33051 0.0528934 -0.0333089 
-2.44649 0.0568258 -0.0332082 
-2.55083 0.0604285 -0.0348106 
-2.65295 0.0639591 -0.0341254 
-2.75522 0.0674646 -0.0360414 
-2.8691 0.0717241 -0.0383173 
-2.97105 0.0762044 -0.0484221 
-3.08464 0.0817272 -0.0496369 
-3.19873 0.0873826 -0.0531273 
-3.29921 0.0929177 -0.0567278 
-3.40115 0.0986832 -0.0573802 
-3.50453 0.104706 -0.0586988 
-3.60918 0.110857 -0.0591945 
-3.71315 0.11714 -0.0628803 
-3.81989 0.123797 -0.0624828 
-3.9274 0.130668 -0.0655582 
-4.03422 0.137778 -0.0663032 
-4.14339 0.145314 -0.0710633 
-4.25284 0.153138 -0.0721938 
-4.36164 0.161135 -0.0747001 
-4.47293 0.169498 -0.0761217 
-4.58478 0.178104 -0.0776052 
-4.69547 0.186792 -0.0789551 
-4.80674 0.19584 -0.0842439 
-4.70547 0.18827 -0.076308 
-4.5907 0.179595 -0.0749813 
-4.48997 0.172058 -0.0747172 
-4.38968 0.164591 -0.0738882 
-4.28626 0.156913 -0.0752112 
-4.18131 0.149075 -0.074354 
-4.07705 0.141238 -0.0764052 
-3.9706 0.133153 -0.071673 
-3.86354 0.125205 -0.0769627 
-3.75487 0.116803 -0.0766674 
-3.64552 0.108393 -0.0774285 
-3.53568 0.099784 -0.0778417 
-3.42674 0.0913145 -0.0782987 
-3.31491 0.0826383 -0.0756717 
-3.20207 0.0740229 -0.0779219 
-3.08874 0.0650464 -0.0782335 
-2.97712 0.0561634 -0.0808087 
-2.86287 0.0469943 -0.0792546 
-2.74881 0.0378399 -0.0815069 
-2.63595 0.028684 -0.0797863 
-2.52054 0.0193733 -0.0818768 
-2.40534 0.00998993 -0.0806894 
-2.30199 0.00157389 -0.082707 
-2.20012 -0.00676505 -0.07973 
-2.08872 -0.0156131 -0.0790209 
-1.97444 -0.0246019 -0.0779957 
-1.87404 -0.0324867 -0.0792369 
-1.76269 -0.0412462 -0.0782618 
-1.66198 -0.0491787 -0.0830069 
-1.55433 -0.0576309 -0.0769464 
-1.44045 -0.0665396 -0.0797291 
-1.3256 -0.0761569 -0.124501 
-1.21679 -0.09973 -0.346892 
-1.15118 -0.130792 -0.561497 
-1.04661 -0.206273 -0.639751 
-0.937692 -0.288282 -0.650085 
-0.83736 -0.364819 -0.65408 
-0.737304 -0.442279 -0.661149 
-0.627512 -0.527319 -0.659677 
-0.523994 -0.607479 -0.658321 
-0.417123 -0.689916 -0.653884 
-0.310147 -0.772059 -0.65663 
-0.207077 -0.851445 -0.656148 
-0.101878 -0.932588 -0.657102 
0.000826713 -1.01162 -0.654859 
0.107542 -1.09303 -0.647451 
0.211722 -1.17153 -0.645727 
0.318633 -1.25179 -0.641932 
0.426025 -1.33221 -0.642534 
0.537426 -1.41529 -0.641261 
0.648316 -1.49785 -0.638696 
0.749804 -1.57328 -0.640091 
0.856181 -1.65241 -0.637769 
0.961024 -1.73002 -0.636605 
1.06278 -1.8053 -0.638778 
1.16454 -1.88088 -0.625419 
1.26679 -1.94284 -0.444727 
1.37159 -1.98972 -0.413339 
1.47469 -2.03468 -0.408417 
1.58498 -2.08208 -0.4016 
1.697 -2.12962 -0.400107 
1.80802 -2.1761 -0.394661 
1.92218 -2.22352 -0.391913 
2.02723 -2.2658 -0.343544 
2.14286 -2.29672 -0.149352 
2.23059 -2.301 0.109833 
2.30075 -2.28603 0.334701 
2.40143 -2.24199 0.441257 
2.51259 -2.18931 0.444629 
2.6159 -2.14006 0.445356 
2.72099 -2.08971 0.448622 
2.82792 -2.03813 0.450992 
2.93602 -1.98562 0.453957 
3.04552 -1.93226 0.453861 
3.15682 -1.87782 0.454864 
3.26699 -1.82397 0.455964 
3.38008 -1.76841 0.456004 
3.4944 -1.7123 0.457738 
3.59931 -1.66058 0.458854 
3.71179 -1.60446 0.465828 
3.81391 -1.55308 0.467367 
3.91647 -1.50098 0.472323 
4.01882 -1.44865 0.473754 
4.12432 -1.39424 0.47785 
4.23177 -1.3386 0.478096 
4.33978 -1.28225 0.482345 
4.44299 -1.22799 0.487001 
4.54309 -1.17528 0.484099 
4.65942 -1.11367 0.490127 
4.76623 -1.0567 0.489739 
4.87202 -1.00039 0.489926 
4.98142 -0.94196 0.491485 
5.09055 -0.883238 0.495324 
5.20209 -0.823021 0.495377 
5.31327 -0.762694 0.497101 
5.42738 -0.70085 0.498347 
5.52769 -0.646285 0.497722 
5.62838 -0.589276 0.66748 
5.66638 -0.553859 0.879976 
5.69823 -0.505215 1.17892 
5.70975 -0.470889 1.38137 
5.71445 -0.432505 1.5922 
5.71101 -0.393778 1.80773 
5.70046 -0.3599 2.01755 
5.67672 -0.320288 2.27465 
5.64963 -0.293296 2.49795 
5.61835 -0.274138 2.72433 
5.54295 -0.252228 2.92847 
5.44127 -0.230796 2.88096 
5.36391 -0.20259 2.63279 
5.31217 -0.167772 2.38446 
5.27597 -0.126994 2.14899 
5.24785 -0.0728069 1.89783 
5.23181 -0.00405092 1.69484 
5.22153 0.0959928 1.65787 
5.21169 0.207268 1.66052 
5.20237 0.30945 1.66477 
5.19226 0.414244 1.66907 
5.18072 0.529589 1.67145 
5.16852 0.650317 1.67259 
5.15813 0.750985 1.6754 
5.14728 0.854802 1.67482 
5.13642 0.957824 1.67662 
5.1254 1.0613 1.67726 
5.11389 1.16846 1.67825 
5.10214 1.27693 1.68015 
5.09106 1.37815 1.68112 
5.07962 1.47874 1.68404 
5.06642 1.59372 1.68616 
5.05468 1.69506 1.68551 
5.04298 1.79556 1.6882 
5.02988 1.90535 1.68996 
5.01779 2.00635 1.69144 
4.99796 2.11125 1.8712 
4.96352 2.19635 2.10554 
4.91372 2.26392 2.35252 
4.84911 2.3168 2.6031 
4.778 2.35032 2.84529 
4.67432 2.37175 3.03514 
4.57268 2.3784 3.11027 
4.46698 2.38104 3.12551 
4.36107 2.38188 -3.14045 
4.26009 2.38082 -3.12055 
4.15757 2.37766 -3.10746 
4.04448 2.37373 -3.1053 
3.9422 2.37008 -3.10676 
3.84144 2.36642 -3.10284 
3.73915 2.36249 -3.10386 
3.63586 2.3585 -3.10153 
3.53158 2.35434 -3.10279 
3.42412 2.35014 -3.10021 
3.32353 2.34599 -3.1018 
3.21912 2.34176 -3.09778 
3.11788 2.33737 -3.09253 
3.01758 2.33204 -3.0889 
2.89677 2.32544 -3.08672 
2.79615 2.31999 -3.08724 
2.69416 2.31426 -3.08541 
2.58897 2.30837 -3.08496 
2.48498 2.30236 -3.08407 
2.38015 2.29642 -3.08573 
2.27043 2.29006 -3.08356 
2.16917 2.28437 -3.0857 
2.06253 2.2615 -2.90973 
1.94801 2.23443 -2.9082 
1.84795 2.21051 -2.90677 
1.73081 2.18245 -2.90431 
1.62866 2.15761 -2.90313 
1.52781 2.13315 -2.90362 
1.42554 2.10823 -2.90231 
1.323 2.08334 -2.90418 
1.2195 2.05818 -2.90155 
1.1155 2.03288 -2.90335 
1.01329 2.00791 -2.90198 
0.910846 1.98301 -2.90357 
0.803347 1.9565 -2.89791 
0.687545 1.92768 -2.89552 
0.570928 1.89831 -2.89435 
0.469897 1.8729 -2.89506 
0.350901 1.84269 -2.89215 
0.24979 1.81698 -2.89272 
0.147508 1.79085 -2.89061 
0.0444138 1.76461 -2.89288 
-0.0594765 1.73809 -2.89009 
-0.163915 1.71123 -2.88993 
-0.268974 1.68418 -2.8884 
-0.340011 1.66835 -2.68561 
-0.441324 1.61816 -2.67985 
-0.547174 1.56547 -2.67908 
-0.656258 1.51104 -2.67799 
-0.765084 1.45659 -2.67707 
-0.877171 1.40039 -2.6748 
-0.9886 1.344 -2.67242 
-1.10329 1.28583 -2.67388 
-1.21687 1.22842 -2.6725 
-1.33264 1.1698 -2.6734 
-1.44829 1.11114 -2.67193 
-1.55879 1.05516 -2.67187 
-1.65898 1.00428 -2.66879 
-1.7682 0.948222 -2.66314 
-1.86895 0.895872 -2.66212 
-1.97623 0.84012 -2.66081 
-2.08581 0.782876 -2.66023 
-2.19615 0.725183 -2.65887 
-2.30588 0.667921 -2.66228 
-2.4187 0.608929 -2.66045 
-2.52456 0.55368 -2.65971 
-2.62617 0.500481 -2.65715 
-2.73565 0.442672 -2.65432 
-2.84119 0.386618 -2.65341 
-2.94784 0.329908 -2.65126 
-3.05738 0.271385 -2.65094 
-3.16824 0.212301 -2.65102 
-3.27928 0.153139 -2.65291 
-3.39259 0.0926093 -2.65031 
-3.50174 0.0341805 -2.64948 
-3.60385 -0.0205718 -2.64967 
-3.71182 -0.0787465 -2.64557 
-3.81196 -0.132689 -2.64604 
-3.91813 -0.190317 -2.64145 
-4.02613 -0.249301 -2.64318 
-4.13301 -0.307635 -2.64054 
-4.23344 -0.362804 -2.63227 
-4.34615 -0.426208 -2.62704 
-4.44868 -0.48427 -2.62574 
-4.5546 -0.544397 -2.62653 
-4.65719 -0.602554 -2.62448 
-4.76023 -0.661458 -2.62137 
