1.6 0 0 
0.103012 -0.00421933 -0.15479 
0.198614 -0.0295873 -0.385465 
0.288879 -0.0757028 -0.594265 
0.368169 -0.140138 -0.806581 
0.431789 -0.219485 -1.0224 
0.477098 -0.311531 -1.23655 
0.501681 -0.411853 -1.45683 
0.503933 -0.516202 -1.6784 
0.482945 -0.619214 -1.89721 
0.439834 -0.715792 -2.11636 
0.375996 -0.801238 -2.34059 
0.292436 -0.872294 -2.56856 
0.196483 -0.921831 -2.79306 
0.0913663 -0.948618 -3.02145 
-0.0102114 -0.951755 3.05903 
-0.123018 -0.935602 2.95967 
-0.239235 -0.912501 2.93379 
-0.344098 -0.889291 2.91094 
-0.453422 -0.862849 2.89279 
-0.562564 -0.834422 2.87622 
-0.671836 -0.803888 2.86046 
-0.781166 -0.771758 2.84714 
-0.890483 -0.737978 2.83473 
-0.999527 -0.702878 2.82203 
-1.10782 -0.665974 2.80144 
-1.21538 -0.627506 2.79335 
-1.32754 -0.592129 2.92547 
-1.36083 -0.586167 -3.14073 
-1.36972 -0.586984 -2.92698 
-1.38851 -0.593689 -2.71776 
-1.42487 -0.615331 -2.48777 
-1.5267 -0.70705 -2.37917 
-1.62934 -0.817327 -2.21134 
-1.7021 -0.919448 -2.18096 
-1.77986 -1.03165 -2.17453 
-1.8526 -1.14124 -2.07339 
-1.89942 -1.24422 -1.97104 
-1.94539 -1.35221 -1.97376 
-1.9929 -1.46387 -1.97292 
-2.03657 -1.56635 -1.97396 
-2.07933 -1.66681 -1.97353 
-2.12658 -1.77806 -1.97083 
-2.17254 -1.8873 -1.96864 
-2.21965 -1.99894 -1.97113 
-2.262 -2.09922 -1.97076 
-2.30582 -2.20365 -1.96022 
-2.35269 -2.31792 -1.95981 
-2.39813 -2.42838 -1.96103 
-2.44241 -2.53615 -1.96075 
-2.48444 -2.63846 -1.96 
-2.5293 -2.74762 -1.96024 
-2.57114 -2.84953 -1.95878 
-2.61714 -2.9619 -1.95839 
-2.66145 -3.07081 -1.95578 
-2.70264 -3.17228 -1.96143 
-2.74377 -3.27253 -1.95843 
-2.78924 -3.38356 -1.96152 
-2.83481 -3.49444 -1.96043 
-2.87632 -3.59537 -1.961 
-2.91882 -3.69914 -1.95784 
-2.96016 -3.79997 -1.96023 
-3.00625 -3.91178 -1.9799 
-3.05704 -4.01333 -2.11417 
-3.1259 -4.11988 -2.15656 
-3.19983 -4.2309 -2.15605 
-3.27842 -4.3446 -2.24657 
-3.37225 -4.4429 -2.45076 
-3.46376 -4.50474 -2.65195 
-3.56507 -4.55354 -2.70756 
-3.67532 -4.60449 -2.70722 
-3.78411 -4.6547 -2.72149 
-3.89397 -4.6969 -2.86438 
-3.99985 -4.7236 -2.90662 
-4.10431 -4.74808 -2.95022 
-4.18316 -4.75597 3.12155 
-4.25592 -4.74782 2.91133 
-4.35817 -4.71472 2.78409 
-4.47196 -4.6718 2.78102 
-4.57608 -4.63253 2.79391 
-4.68017 -4.60329 2.95715 
-4.7899 -4.58345 2.96332 
-4.9044 -4.56278 2.96225 
-5.02406 -4.54104 2.96129 
-5.12691 -4.52222 2.96005 
-5.22777 -4.5038 2.96318 
-5.33381 -4.48454 2.9623 
-5.44967 -4.46356 2.96271 
-5.56891 -4.44192 2.96252 
-5.67765 -4.42227 2.96288 
-5.77803 -4.4041 2.96163 
-5.88854 -4.3842 2.96549 
-6.0079 -4.36298 2.96588 
-6.11702 -4.34364 2.96601 
-6.22267 -4.32487 2.96572 
-6.33252 -4.30558 2.96855 
-6.44634 -4.28561 2.96706 
-6.54711 -4.26789 2.968 
-6.6499 -4.2498 2.96675 
-6.75501 -4.23124 2.96694 
-6.85718 -4.21349 2.97192 
-6.97079 -4.19401 2.96974 
-7.08762 -4.17385 2.97106 
-7.19436 -4.15548 2.97064 
-7.29771 -4.1379 2.98826 
-7.40721 -4.12096 2.98695 
-7.52667 -4.10235 2.98702 
-7.63728 -4.08508 2.98564 
-7.73851 -4.0691 2.98513 
-7.85102 -4.0515 2.98852 
-7.96446 -4.0339 2.98718 
-8.08204 -4.01564 2.98783 
-8.18521 -3.99956 2.98725 
-8.28725 -3.98373 2.98857 
-8.40333 -3.96582 2.99035 
-8.50977 -3.94931 2.98751 
-8.6214 -3.93192 2.98717 
