1.6 0 0 
-0.110907 0.000107279 -0.00143649 
-0.216339 0.00496393 -0.163395 
-0.325885 0.0269266 -0.204429 
-0.433543 0.0494139 -0.208289 
-0.535838 0.0711515 -0.212257 
-0.639687 0.0935723 -0.214625 
-0.742253 0.116173 -0.219327 
-0.847995 0.139829 -0.221651 
-0.954818 0.164148 -0.226437 
-1.05984 0.188432 -0.229516 
-1.16693 0.213633 -0.2322 
-1.27507 0.239379 -0.23442 
-1.38202 0.264993 -0.237058 
-1.49164 0.291581 -0.239694 
-1.6019 0.318764 -0.243396 
-1.70663 0.344855 -0.245638 
-1.80958 0.371003 -0.251552 
-1.90968 0.396827 -0.247736 
-1.92214 0.398866 -0.0307649 
-1.92787 0.39861 0.186263 
-1.93278 0.397132 0.444654 
-1.93696 0.394565 0.706922 
-1.94029 0.391059 0.967586 
-1.94212 0.387928 1.1694 
-1.94324 0.384619 1.37172 
-1.94365 0.380311 1.62035 
-1.94279 0.374747 1.83971 
-1.94229 0.372859 1.62838 
-1.94588 0.483121 1.57836 
-1.93319 0.587887 1.39133 
-1.91265 0.699809 1.38427 
-1.89003 0.820921 1.38298 
-1.87058 0.921951 1.37873 
-1.85044 1.02589 1.37901 
-1.83012 1.12948 1.37519 
-1.80916 1.23501 1.37283 
-1.78799 1.33958 1.36912 
-1.76599 1.44726 1.36768 
-1.74406 1.5541 1.36885 
-1.72176 1.66301 1.36721 
-1.69921 1.77081 1.36198 
-1.67583 1.88129 1.36097 
-1.65181 1.99261 1.3557 
-1.628 2.10178 1.35495 
-1.60322 2.21346 1.35096 
-1.57859 2.32403 1.35164 
-1.55314 2.43754 1.34949 
-1.52879 2.54596 1.34869 
-1.50352 2.65668 1.34516 
-1.4784 2.7665 1.34479 
-1.45218 2.88052 1.34452 
-1.42566 2.99566 1.34266 
-1.39984 3.10634 1.34373 
-1.37289 3.22284 1.34321 
-1.34845 3.3284 1.34373 
-1.32505 3.42931 1.34082 
-1.30125 3.53065 1.3412 
-1.27778 3.63107 1.33931 
-1.25269 3.73715 1.33864 
-1.22548 3.85161 1.33578 
-1.19929 3.96221 1.33958 
-1.17229 4.07631 1.33649 
-1.14813 4.17726 1.33697 
-1.12166 4.28742 1.3334 
-1.0943 4.38793 1.15759 
-1.0908 4.39459 0.949802 
-1.08726 4.3988 0.739368 
-1.08299 4.40218 0.535413 
-1.07677 4.405 0.257969 
-1.07046 4.40596 0.00659541 
-1.06301 4.40526 -0.20365 
-0.959614 4.38298 -0.208275 
-0.854507 4.36073 -0.206083 
-0.74316 4.33723 -0.207677 
-0.636319 4.31488 -0.205088 
-0.534453 4.29356 -0.201917 
-0.432759 4.27276 -0.2011 
-0.314827 4.24865 -0.201167 
-0.213192 4.22754 -0.233196 
-0.113633 4.19355 -0.438389 
-0.10972 4.19131 -0.641362 
-0.109197 4.19085 -0.842397 
-0.0206767 4.08545 -0.87212 
0.0689788 3.97875 -0.87249 
0.161599 3.86852 -0.872651 
0.25271 3.75945 -0.874979 
0.342513 3.65181 -0.87576 
0.427611 3.54953 -0.877401 
0.519493 3.43852 -0.878477 
0.610507 3.32888 -0.878805 
0.69478 3.22734 -0.877552 
0.779762 3.12526 -0.873783 
0.868561 3.01965 -0.871811 
0.958901 2.91201 -0.872578 
1.04604 2.80782 -0.874587 
1.13407 2.70247 -0.874224 
1.22284 2.59625 -0.876635 
1.31293 2.48825 -0.876741 
1.40056 2.38296 -0.878147 
1.49167 2.27358 -0.875077 
1.58153 2.1661 -0.875108 
1.6737 2.05598 -0.873393 
1.75782 1.95521 -0.883626 
1.84298 1.85156 -0.886656 
1.93056 1.74441 -0.884223 
2.02005 1.63529 -0.885131 
2.10465 1.53213 -0.884861 
2.18757 1.43101 -0.881915 
2.27414 1.32631 -0.879664 
2.36413 1.21755 -0.878964 
2.44723 1.11733 -0.878653 
2.53261 1.01493 -0.872456 
2.62065 0.90968 -0.873057 
2.71031 0.802865 -0.873537 
2.80188 0.693886 -0.870314 
2.88614 0.593705 -0.871828 
2.97601 0.486722 -0.871809 
3.06632 0.379239 -0.871754 
3.15221 0.277405 -0.87063 
3.23642 0.177049 -0.870247 
3.26711 0.146218 -0.665627 
3.3135 0.116816 -0.438123 
3.38706 0.09133 -0.176421 
3.46511 0.0857056 0.0831064 
3.54299 0.100658 0.346582 
3.59692 0.124735 0.55128 
3.66067 0.174292 0.820147 
3.69887 0.221185 1.02197 
3.72655 0.276355 1.23567 
3.74414 0.352159 1.49596 
3.73893 0.46175 1.71522 
3.71801 0.578403 1.76854 
3.69596 0.680998 1.80353 
3.66826 0.785748 1.84341 
3.63845 0.891695 1.84593 
3.60708 1.00826 1.78681 
3.59123 1.11571 1.64741 
3.58422 1.22685 1.63002 
3.57794 1.33309 1.62931 
3.57212 1.43629 1.62512 
3.56695 1.54185 1.61913 
3.56515 1.65771 1.51013 
3.58091 1.77161 1.33895 
3.60508 1.84774 1.13717 
3.66862 1.95276 0.944245 
3.72121 2.03363 1.17989 
3.7381 2.09099 1.41736 
3.74161 2.16936 1.68307 
3.72512 2.24406 1.94491 
3.68833 2.3156 2.17472 
3.61279 2.40391 2.38037 
3.50405 2.50421 2.40633 
3.39776 2.59884 2.42685 
3.29289 2.6886 2.44542 
3.27075 2.70703 2.21842 
3.27049 2.70748 2.00473 
3.27043 2.70761 1.78274 
3.27042 2.7077 1.55829 
3.27044 2.7078 1.33568 
3.27046 2.7079 1.10333 
3.27054 2.70805 0.870828 
3.27063 2.70815 0.640056 
3.27093 2.70836 0.401771 
3.271 2.70838 0.162582 
3.27095 2.70839 -0.0417223 
3.15544 2.73657 -0.241469 
3.03935 2.76545 -0.248233 
2.92032 2.79637 -0.279561 
2.80953 2.8365 -0.438572 
2.71943 2.88838 -0.674598 
2.66399 2.9433 -0.931042 
2.63031 2.99712 -1.14377 
2.61523 3.04239 -1.41289 
2.61301 3.07247 -1.64663 
2.61527 3.08726 -1.86697 
2.61734 3.0923 -1.64286 
2.61734 3.09197 -1.42933 
2.61743 3.09155 -1.2133 
2.61745 3.0916 -1.0126 
2.61774 3.09118 -0.804373 
2.6178 3.09113 -0.590998 
2.51553 3.15802 -0.580648 
2.39785 3.23559 -0.586056 
2.2964 3.30304 -0.58781 
2.1956 3.37047 -0.592655 
2.09263 3.43975 -0.596379 
1.98815 3.51079 -0.600312 
1.87913 3.58579 -0.60572 
1.77536 3.65776 -0.551534 
1.74827 3.67078 -0.343071 
1.63639 3.69894 -0.241664 
1.52044 3.72778 -0.244521 
1.40417 3.75317 -0.142557 
1.29196 3.7623 -0.0407725 
1.18959 3.76641 -0.0432512 
1.08368 3.77135 -0.0472713 
0.982875 3.77625 -0.0511545 
0.861415 3.78262 -0.0525261 
0.759985 3.78813 -0.0559171 
0.645922 3.79479 -0.0601266 
0.544704 3.80086 -0.0602358 
0.468554 3.80876 -0.262078 
0.432622 3.82196 -0.462573 
0.329321 3.87511 -0.294191 
0.234466 3.89481 -0.0829615 
0.136313 3.89383 0.135701 
0.0398578 3.8713 0.352534 
-0.0525274 3.82683 0.578267 
-0.131769 3.7637 0.800376 
-0.195045 3.68471 1.02526 
-0.248128 3.5797 1.15838 
-0.293823 3.47133 1.17863 
-0.340502 3.35832 1.17707 
-0.387385 3.24641 1.17146 
-0.435147 3.13334 1.16923 
-0.484093 3.01861 1.16588 
-0.533654 2.90346 1.16176 
-0.579328 2.79885 1.15702 
-0.626591 2.6915 1.15717 
