1.6 0 0 
0.11556 0.000216207 0.00750745 
0.220041 0.00109333 0.0107722 
0.320807 0.00196821 0.00518043 
0.423543 0.00269674 0.00715667 
0.525605 0.00336522 0.006402 
0.631072 0.00418203 0.00919991 
0.735447 0.00455473 -0.0240202 
0.850267 -0.00551142 -0.167618 
0.951849 -0.0240338 -0.182693 
1.05717 -0.0437406 -0.188997 
1.17565 -0.066431 -0.187938 
1.28409 -0.0870802 -0.188606 
1.39191 -0.107637 -0.189789 
1.50041 -0.128434 -0.190627 
1.60952 -0.149469 -0.189772 
1.71953 -0.170605 -0.190257 
1.82983 -0.191869 -0.190504 
1.94348 -0.21372 -0.190254 
2.05515 -0.235299 -0.19119 
2.16777 -0.257036 -0.190846 
2.28074 -0.278869 -0.191472 
2.39337 -0.300728 -0.192851 
2.50736 -0.323014 -0.192635 
2.6209 -0.345309 -0.195732 
2.73784 -0.368512 -0.194786 
2.85272 -0.391301 -0.196175 
2.96749 -0.414106 -0.196141 
3.08313 -0.437138 -0.196988 
3.20171 -0.460821 -0.196774 
3.31771 -0.483995 -0.197397 
3.43425 -0.507218 -0.196451 
3.55105 -0.530503 -0.196887 
3.66797 -0.55375 -0.196284 
3.78535 -0.577089 -0.19672 
3.90294 -0.60053 -0.197048 
4.02089 -0.624078 -0.196235 
4.1395 -0.647739 -0.197818 
4.25741 -0.671369 -0.197397 
4.37609 -0.695241 -0.20011 
4.49477 -0.719324 -0.200201 
4.61313 -0.743451 -0.203421 
4.73173 -0.767814 -0.203224 
4.85058 -0.792386 -0.204619 
4.96923 -0.816956 -0.204553 
5.09113 -0.842312 -0.204416 
5.21007 -0.867037 -0.205853 
5.32872 -0.891869 -0.206298 
5.44826 -0.916917 -0.207171 
5.56696 -0.943211 -0.258625 
5.68126 -0.979594 -0.378146 
5.79207 -1.03364 -0.570757 
5.88702 -1.1073 -0.782591 
5.97375 -1.21253 -0.997619 
6.03051 -1.32201 -1.21809 
6.06137 -1.43841 -1.43 
6.06697 -1.55902 -1.64981 
6.04614 -1.67801 -1.87202 
5.9996 -1.79003 -2.09489 
5.9298 -1.8879 -2.32479 
5.83698 -1.96907 -2.55832 
5.73011 -2.02559 -2.78888 
5.61335 -2.0561 -3.0211 
5.51729 -2.05671 3.05674 
5.39932 -2.04426 3.03697 
5.29808 -2.03362 3.03608 
5.19483 -2.02261 3.03472 
5.09217 -2.01163 3.03543 
4.982 -1.9997 3.03101 
4.8708 -1.98754 3.03399 
4.76337 -1.97575 3.03272 
4.65544 -1.96392 3.03246 
4.5466 -1.95194 3.03153 
4.43506 -1.93961 3.03169 
4.33391 -1.92849 3.03261 
4.22326 -1.91636 3.0311 
4.12151 -1.90472 3.02547 
4.00486 -1.89124 3.02751 
3.90317 -1.87952 3.02608 
3.80018 -1.86769 3.02822 
3.6961 -1.85581 3.02832 
3.59209 -1.84419 3.03373 
3.48919 -1.83313 3.037 
3.38599 -1.80868 2.86897 
3.27816 -1.77857 2.86916 
3.15787 -1.74502 2.87001 
3.05723 -1.71696 2.86942 
2.95574 -1.68868 2.87038 
2.85343 -1.65971 2.83557 
2.74138 -1.61719 2.69843 
2.63605 -1.56472 2.67163 
2.53093 -1.51093 2.66692 
2.4278 -1.45794 2.6668 
2.30937 -1.3968 2.66437 
2.18936 -1.3346 2.66178 
2.07137 -1.27312 2.6609 
1.97066 -1.22042 2.65814 
1.86776 -1.16644 2.65766 
1.76745 -1.11362 2.65535 
1.66582 -1.05988 2.65496 
1.56483 -1.00629 2.65332 
1.46288 -0.952164 2.65307 
1.36054 -0.897676 2.65185 
1.25776 -0.842882 2.6515 
1.15474 -0.787789 2.65013 
1.04782 -0.730513 2.6494 
0.942853 -0.674022 2.64701 
0.83301 -0.614651 2.64542 
0.729131 -0.558311 2.64402 
0.625394 -0.501886 2.6423 
0.521288 -0.445073 2.64224 
0.416884 -0.388037 2.64135 
0.314875 -0.33255 2.64355 
0.199601 -0.269582 2.63977 
0.0922557 -0.210558 2.63827 
-0.0271114 -0.144584 2.63615 
-0.132014 -0.0865034 2.6352 
-0.236026 -0.0286898 2.63424 
-0.341104 0.0298035 2.63154 
-0.450934 0.0912662 2.62976 
-0.557674 0.151407 2.62746 
-0.613065 0.181041 2.84813 
-0.714182 0.204639 2.92215 
-0.826248 0.229028 2.95559 
-0.923718 0.239597 -3.1231 
-0.938328 0.238493 -2.89955 
-0.942337 0.237114 -2.69502 
-0.945496 0.235203 -2.47378 
-0.94817 0.232673 -2.25324 
-0.949846 0.230177 -2.02701 
-0.953323 0.219334 -1.82031 
-0.964606 0.102126 -1.64972 
-0.97376 -0.014809 -1.6373 
-0.974473 -0.12427 -1.48641 
-0.963809 -0.190317 -1.26369 
-0.962056 -0.194284 -1.0282 
-0.959927 -0.197175 -0.813612 
-0.951979 -0.203589 -0.598147 
-0.84069 -0.269593 -0.532519 
-0.738185 -0.329965 -0.530801 
-0.627751 -0.394117 -0.471793 
-0.513165 -0.43842 -0.303325 
-0.399291 -0.47374 -0.299765 
-0.284883 -0.508893 -0.295531 
-0.181638 -0.539905 -0.291712 
-0.0649559 -0.574793 -0.28839 
0.0542444 -0.610072 -0.287638 
0.174631 -0.645651 -0.286409 
0.275611 -0.675367 -0.286316 
0.377581 -0.705373 -0.284748 
0.48098 -0.735611 -0.284592 
0.586759 -0.766511 -0.283422 
0.687987 -0.795819 -0.281858 
0.805435 -0.829734 -0.279684 
0.905914 -0.858657 -0.280823 
1.02379 -0.892654 -0.279931 
1.13704 -0.925286 -0.27798 
1.24515 -0.956186 -0.27699 
1.35105 -0.986054 -0.273086 
1.46621 -1.01826 -0.273548 
1.58485 -1.05149 -0.272552 
1.68529 -1.07942 -0.270701 
1.78634 -1.10738 -0.268868 
1.8904 -1.13598 -0.268328 
1.99102 -1.1636 -0.266992 
2.09432 -1.19158 -0.261251 
2.21086 -1.22294 -0.262924 
2.32688 -1.25386 -0.2582 
2.43808 -1.28328 -0.258057 
2.54369 -1.31095 -0.255521 
2.65952 -1.34098 -0.250494 
2.77666 -1.37091 -0.249961 
2.8944 -1.40106 -0.249877 
3.00636 -1.42952 -0.247028 
3.10875 -1.45532 -0.24508 
3.22493 -1.4843 -0.244525 
3.34245 -1.51334 -0.239982 
3.46077 -1.5422 -0.239508 
3.56764 -1.5682 -0.236639 
3.66891 -1.59258 -0.234775 
3.77329 -1.6171 -0.228289 
3.8899 -1.64417 -0.227703 
3.99039 -1.6674 -0.226003 
4.09373 -1.69117 -0.226544 
4.19429 -1.71428 -0.224988 
4.30476 -1.73953 -0.225396 
4.40714 -1.76267 -0.216834 
4.52817 -1.78914 -0.214626 
4.64789 -1.81517 -0.212756 
4.76505 -1.84041 -0.210226 
4.86719 -1.86205 -0.206921 
4.97096 -1.88097 -0.0132507 
5.02234 -1.87622 0.202616 
5.11423 -1.84631 0.434655 
5.21586 -1.7953 0.484126 
5.31646 -1.74145 0.50248 
5.4165 -1.68574 0.508044 
5.5215 -1.62714 0.519909 
5.62179 -1.56262 0.666978 
5.72442 -1.47464 0.729304 
5.83334 -1.37659 0.73693 
5.93017 -1.27356 0.938062 
6.00943 -1.16393 0.952331 
6.05851 -1.08255 1.1583 
6.0939 -0.972229 1.29199 
6.12648 -0.85742 1.30229 
6.1545 -0.737732 1.41613 
6.16504 -0.629383 1.5123 
6.16987 -0.523651 1.58256 
6.15991 -0.442596 1.80699 
6.12859 -0.348903 2.0127 
6.07712 -0.261838 2.23228 
6.00803 -0.187744 2.44452 
5.92563 -0.130404 2.6614 
5.81317 -0.0806107 2.77808 
5.70801 -0.0409248 2.78752 
5.6071 -0.00499041 2.81748 
5.50066 0.0288097 2.83913 
5.38619 0.0644502 2.8409 
5.26747 0.10137 2.8292 
5.15655 0.144002 2.68104 
5.0491 0.201054 2.64576 
4.93916 0.260533 2.64646 
4.83735 0.31548 2.64663 
4.72824 0.374286 2.64886 
4.61916 0.432884 2.64924 
4.50903 0.491851 2.65068 
4.39839 0.550979 2.652 
4.28982 0.608333 2.65767 
4.18493 0.663154 2.66124 
4.07893 0.71832 2.66178 
3.97101 0.774439 2.66289 
3.86397 0.829975 2.66331 
3.75901 0.884211 2.66661 
3.65625 0.937083 2.6694 
3.54442 0.994025 2.67058 
3.43569 1.04938 2.671 
3.32417 1.10598 2.67291 
3.21201 1.16273 2.67394 
3.10925 1.21469 2.67322 
3.00595 1.2667 2.67844 
2.89663 1.32167 2.67409 
2.79508 1.37268 2.67841 
2.68636 1.427 2.678 
2.57368 1.4831 2.68139 
2.46529 1.53685 2.6821 
2.35376 1.59187 2.68275 
2.25019 1.64258 2.69147 
2.14988 1.69094 2.69286 
2.03885 1.74463 2.69121 
1.92778 1.79822 2.6916 
1.81577 1.85208 2.69793 
1.71521 1.89992 2.69945 
1.60991 1.94952 2.70228 
1.49847 2.00186 2.70243 
1.38743 2.05384 2.70508 
1.28655 2.10091 2.7055 
1.18106 2.14981 2.71119 
1.07974 2.19623 2.7156 
0.972976 2.24453 2.71738 
0.859868 2.29556 2.71805 
0.74523 2.34711 2.7199 
0.630657 2.39846 2.72139 
0.518058 2.44868 2.72258 
0.416492 2.49356 2.72889 
0.304603 2.54216 2.73336 
0.195068 2.58944 2.73493 
0.08112 2.63851 2.73532 
-0.0327418 2.68735 2.73711 
-0.148449 2.73668 2.73962 
-0.266855 2.78689 2.74093 
-0.377858 2.83389 2.74229 
-0.483737 2.8786 2.74304 
