1.6 0 0 
0.110944 0.000202642 0.00310672 
0.212469 0.000542622 0.00376829 
0.312501 0.00107521 0.00424913 
0.416123 0.0015481 0.00523599 
0.521144 0.00219344 0.00745689 
0.627105 0.00298631 0.00767945 
0.521134 0.00259325 0.00179567 
0.401436 0.00256776 -0.00139626 
0.298682 0.00290092 -0.004506 
0.194826 0.00347439 -0.00623868 
0.0898619 0.00428169 -0.00928588 
-0.013824 0.00522967 -0.00965345 
-0.120596 0.00641046 -0.0128373 
-0.228747 0.00779858 -0.0131984 
-0.336108 0.00927979 -0.0147428 
-0.445862 0.0108752 -0.0137881 
-0.556089 0.0124424 -0.0159994 
-0.667344 0.0141304 -0.0150226 
-0.777103 0.0158998 -0.0178024 
-0.889999 0.0178818 -0.0179929 
-1.00337 0.02001 -0.0195866 
-1.11518 0.0221632 -0.0198712 
-1.22964 0.0245379 -0.0227096 
-1.34539 0.0271683 -0.0233874 
-1.46088 0.0300693 -0.0264363 
-1.57505 0.0331133 -0.0265903 
-1.69122 0.0364353 -0.0298451 
-1.80888 0.0399254 -0.0300531 
-1.92612 0.0436491 -0.0323962 
-2.04211 0.0473638 -0.0321793 
-2.15956 0.0512212 -0.0323278 
-2.27802 0.0550062 -0.0323531 
-2.3964 0.0588059 -0.0314164 
-2.51552 0.062553 -0.0319943 
-2.63229 0.0663332 -0.0322886 
-2.74414 0.0700415 -0.0347371 
-2.84657 0.0736226 -0.0347321 
-2.94673 0.0772044 -0.0377817 
-2.95305 0.0774901 0.190868 
-2.95363 0.0772444 0.410938 
-3.06921 0.00616565 0.552772 
-3.17154 -0.0570683 0.553601 
-3.27735 -0.122332 0.552614 
-3.38302 -0.187348 0.550033 
-3.49206 -0.254138 0.549081 
-3.60047 -0.320283 0.546829 
-3.71231 -0.388287 0.544757 
-3.82268 -0.455088 0.545205 
-3.92418 -0.516176 0.538798 
-4.02753 -0.578226 0.542327 
-4.13277 -0.641405 0.538186 
-4.23824 -0.70425 0.536622 
-4.34736 -0.768852 0.533198 
-4.45508 -0.832275 0.530857 
-4.5669 -0.897649 0.528756 
-4.67747 -0.962243 0.527438 
-4.79166 -1.02868 0.526457 
-4.8963 -1.08905 0.503074 
-4.99767 -1.135 0.336142 
-4.89095 -1.0984 0.332259 
-4.77711 -1.05909 0.333225 
-4.65935 -1.01818 0.334934 
-4.54213 -0.977286 0.337003 
-4.42121 -0.93483 0.337379 
-4.32013 -0.899293 0.339101 
-4.1989 -0.856489 0.339917 
-4.09652 -0.820234 0.34094 
-3.98219 -0.779538 0.343132 
-3.87627 -0.741695 0.343182 
-3.76587 -0.702371 0.342085 
-3.65014 -0.661031 0.343515 
-3.5465 -0.623975 0.343155 
-3.43991 -0.585919 0.34239 
-3.33294 -0.54786 0.341273 
-3.22558 -0.509665 0.341434 
-3.1179 -0.471417 0.341735 
-3.01314 -0.434241 0.33981 
-2.90512 -0.396038 0.340695 
-2.78938 -0.35485 0.34191 
-2.68493 -0.317678 0.343082 
-2.57596 -0.278723 0.342397 
-2.47531 -0.24269 0.342935 
-2.36728 -0.208763 0.201238 
-2.25669 -0.191531 0.143465 
-2.15461 -0.176713 0.14429 
-2.04928 -0.161325 0.145801 
-1.94922 -0.146596 0.14748 
-1.84767 -0.131445 0.14893 
-1.72803 -0.113346 0.151878 
-1.62384 -0.0973608 0.153175 
-1.52137 -0.0813783 0.154004 
-1.42132 -0.0659584 0.153798 
-1.32067 -0.0502738 0.155932 
-1.21961 -0.0343441 0.156908 
-1.11669 -0.0179779 0.159025 
-1.00367 0.000240027 0.160726 
-0.899726 0.017385 0.165632 
-0.783604 0.0367133 0.166155 
-0.662421 0.057112 0.168695 
-0.541302 0.0777486 0.168424 
-0.437754 0.0955261 0.171541 
-0.329704 0.114154 0.171584 
-0.227694 0.132003 0.175628 
-0.11043 0.152584 0.174182 
0.00711625 0.17339 0.175547 
0.107955 0.191341 0.177028 
0.207957 0.209287 0.178559 
0.31109 0.227887 0.178548 
0.414745 0.246615 0.178692 
0.520055 0.265678 0.178913 
0.62095 0.284018 0.180071 
0.725995 0.303371 0.182911 
0.844414 0.325362 0.184486 
0.945223 0.344188 0.18483 
1.04776 0.363365 0.185876 
1.14861 0.384321 0.270575 
1.249 0.421951 0.407463 
1.3572 0.468127 0.403182 
1.47017 0.516487 0.405 
1.58244 0.564597 0.40533 
1.69619 0.613516 0.407174 
1.8113 0.663311 0.409234 
1.91684 0.70917 0.40822 
2.02155 0.754606 0.413649 
2.13777 0.805791 0.415403 
2.25023 0.855478 0.416785 
2.36189 0.904868 0.416475 
2.46257 0.950143 0.45982 
2.56369 1.01359 0.632149 
2.6665 1.09139 0.747469 
2.75965 1.19739 0.862999 
2.85424 1.30808 0.864809 
2.94641 1.41652 0.867129 
3.03144 1.51796 0.880964 
3.12413 1.63023 0.881217 
3.20548 1.7304 0.920475 
3.25396 1.80576 1.12213 
3.26581 1.83676 1.35888 
3.28359 1.95672 1.42646 
3.30089 2.07606 1.42686 
3.31757 2.19176 1.42951 
3.33282 2.2991 1.43001 
3.34175 2.38982 1.6352 
3.32904 2.46481 1.84141 
3.29411 2.55827 2.05519 
3.24103 2.64078 2.26425 
3.16897 2.7132 2.48507 
3.08812 2.76536 2.68517 
2.9846 2.80706 2.81253 
2.87618 2.84162 2.84439 
2.76829 2.87455 2.84848 
2.65228 2.90953 2.84904 
2.53848 2.94365 2.85173 
2.43842 2.97351 2.85228 
2.33405 3.00397 2.86616 
2.21885 3.0363 2.86862 
2.10018 3.06915 2.87324 
1.98144 3.10173 2.87409 
1.87357 3.13106 2.87739 
1.77131 3.15865 2.87912 
1.66925 3.18559 2.88562 
1.55133 3.21637 2.88698 
1.43385 3.24691 2.88766 
1.33321 3.27295 2.88919 
1.22665 3.30039 2.88911 
1.12302 3.32696 2.8955 
1.01485 3.35373 2.89936 
0.898207 3.38248 2.90086 
0.781882 3.41106 2.90039 
0.677622 3.43648 2.9052 
0.593074 3.45518 3.10658 
0.474999 3.4541 -3.12588 
0.374569 3.45247 -3.12294 
0.270245 3.44531 -2.9634 
0.168835 3.42202 -2.89676 
0.0676571 3.39619 -2.8842 
-0.0344625 3.36849 -2.86796 
-0.141698 3.3382 -2.86511 
-0.258079 3.30515 -2.86512 
-0.376448 3.27133 -2.86197 
-0.476869 3.24252 -2.86216 
-0.583333 3.21182 -2.8607 
-0.687949 3.18147 -2.8573 
-0.790614 3.15083 -2.84965 
-0.9061 3.11617 -2.8493 
-1.02309 3.0809 -2.8489 
-1.14075 3.04546 -2.84814 
-1.25909 3.00964 -2.84478 
-1.36074 2.97864 -2.84471 
-1.46206 2.94745 -2.83764 
-1.57428 2.91195 -2.8313 
-1.68931 2.87501 -2.83089 
-1.80621 2.83738 -2.82851 
-1.92681 2.79842 -2.82938 
-2.0471 2.7595 -2.82821 
-2.15246 2.72533 -2.82652 
-2.2556 2.6916 -2.82708 
