1.6 0 0 
0.103073 0.000264334 0.00420451 
0.22241 0.000828879 0.00335389 
0.324186 0.0011661 0.00642213 
0.427289 0.00222474 0.0343953 
0.528572 0.0107805 0.168101 
0.628755 0.036923 0.393183 
0.702085 0.0755693 0.600782 
0.816265 0.170979 0.767271 
0.920172 0.27018 0.744185 
1.02861 0.371293 0.757644 
1.12997 0.467964 0.763883 
1.24215 0.576195 0.770684 
1.35442 0.685903 0.779897 
1.46869 0.799163 0.784591 
1.58147 0.912268 0.787844 
1.69441 1.02609 0.795056 
1.79304 1.12632 0.796511 
1.89135 1.22697 0.797644 
2.00481 1.34367 0.801435 
2.10169 1.44382 0.803878 
2.20039 1.54651 0.805139 
2.29771 1.64804 0.807824 
2.39673 1.7515 0.808302 
2.49479 1.85373 0.78669 
2.59702 1.94466 0.638497 
2.71695 2.01944 0.415732 
2.81469 2.05186 0.214117 
2.92399 2.06656 0.00898979 
3.0132 2.05931 -0.212378 
3.10262 2.03105 -0.465499 
3.17901 1.98188 -0.721288 
3.24139 1.91553 -0.945056 
3.30616 1.81318 -1.0013 
3.39007 1.70516 -0.791257 
3.4604 1.64561 -0.558806 
3.54323 1.60482 -0.304849 
3.63374 1.5862 -0.052726 
3.71669 1.58975 0.166873 
3.8211 1.61834 0.365114 
3.92835 1.66087 0.381304 
4.03698 1.70466 0.384726 
4.14908 1.74999 0.385049 
4.26223 1.79579 0.383826 
4.37551 1.84165 0.385173 
4.48187 1.88476 0.386036 
4.58328 1.92642 0.395028 
4.70021 1.97518 0.394444 
4.81183 2.02175 0.394497 
4.92477 2.0689 0.397982 
5.04194 2.11816 0.397413 
5.15249 2.16459 0.397561 
5.25459 2.2074 0.397795 
5.36508 2.25381 0.398524 
5.46948 2.29781 0.400317 
5.58139 2.34518 0.400728 
5.69597 2.39358 0.398007 
5.81012 2.44177 0.39961 
5.91806 2.48743 0.400201 
6.02341 2.5322 0.402504 
6.12931 2.57731 0.403538 
6.24012 2.62471 0.404218 
6.35133 2.67239 0.406388 
6.45975 2.71899 0.402111 
6.57345 2.76766 0.405763 
6.68985 2.81775 0.40722 
6.79221 2.86194 0.409259 
6.90325 2.91056 0.41469 
7.01227 2.95873 0.415988 
7.12307 3.00779 0.418462 
7.23561 3.05778 0.41707 
7.35173 3.10938 0.419692 
7.45946 3.15754 0.421236 
7.56423 3.2046 0.423759 
7.66938 3.24981 0.341769 
7.7707 3.27801 0.224448 
7.8733 3.30134 0.221566 
7.9791 3.32476 0.217992 
8.0819 3.34769 0.218927 
8.18241 3.36993 0.217089 
8.28716 3.39302 0.215672 
8.39799 3.41741 0.216933 
8.50196 3.44034 0.217413 
8.60511 3.46305 0.21862 
8.72098 3.48895 0.220432 
8.83988 3.51571 0.22232 
8.96009 3.5429 0.222178 
9.06196 3.56588 0.222121 
9.16513 3.58926 0.225415 
9.26973 3.6131 0.225103 
9.32192 3.62049 -0.0100937 
9.3799 3.61427 -0.217465 
9.48256 3.58481 -0.310581 
9.59666 3.54814 -0.31461 
9.71348 3.50956 -0.321363 
9.82689 3.4714 -0.328702 
9.93545 3.43399 -0.33554 
10.0291 3.39823 -0.555842 
10.0872 3.35284 -0.81392 
10.1249 3.30642 -1.01821 
10.159 3.23523 -1.27776 
10.1729 3.1643 -1.52087 
10.1686 3.08272 -1.74075 
10.1603 3.04608 -1.9418 
10.1602 3.04592 -2.15575 
10.1601 3.04579 -2.36854 
10.1598 3.04556 -2.59335 
10.1595 3.0454 -2.8166 
10.1593 3.04537 -3.0414 
10.1593 3.04535 3.0063 
10.1589 3.04544 2.8041 
10.1585 3.04564 2.59727 
10.1583 3.04576 2.39121 
10.1582 3.04592 2.16378 
10.1581 3.04599 1.9138 
10.1582 3.04589 1.66778 
10.1582 3.04601 1.42935 
10.1581 3.04585 1.17719 
10.158 3.04571 0.941409 
10.1582 3.04589 0.73235 
10.0495 2.96518 0.637058 
9.93394 2.88035 0.630413 
9.81743 2.7957 0.626058 
9.71679 2.72322 0.622247 
9.61476 2.65036 0.616889 
9.51408 2.57928 0.608107 
9.40747 2.50584 0.600997 
9.2901 2.42564 0.595567 
9.18863 2.35694 0.594579 
9.08504 2.28726 0.5887 
8.98074 2.2176 0.588077 
8.87479 2.14726 0.58401 
8.76778 2.07674 0.580702 
8.66258 2.00835 0.571072 
8.55686 1.94062 0.565655 
8.45491 1.87601 0.563637 
8.35063 1.81035 0.560076 
8.2506 1.74769 0.557835 
8.14827 1.6841 0.554976 
8.03663 1.61531 0.549619 
7.93555 1.55363 0.546652 
7.83165 1.49066 0.542451 
7.72593 1.42709 0.541292 
7.61879 1.36291 0.537662 
7.5151 1.30122 0.533402 
7.41468 1.24222 0.530536 
7.31283 1.18275 0.527016 
7.20124 1.11814 0.521736 
7.09628 1.05781 0.519598 
6.98912 0.99658 0.518345 
6.87886 0.933772 0.517136 
6.7698 0.871903 0.513006 
6.66797 0.816162 0.381246 
6.58699 0.787967 0.586097 
6.58667 0.787741 0.810742 
6.5866 0.787623 1.01878 
6.58655 0.787528 1.23359 
6.53654 0.683269 1.12469 
6.48447 0.574745 1.1225 
6.43113 0.463856 1.12152 
6.37761 0.353705 1.1157 
6.32261 0.241149 1.11582 
6.27254 0.139144 1.11264 
6.21743 0.0278155 1.11017 
6.1638 -0.0798865 1.10765 
6.11114 -0.185134 1.10577 
6.05406 -0.298462 1.10234 
5.99936 -0.406419 1.10173 
5.9441 -0.515631 1.10223 
5.88684 -0.628369 1.09945 
5.82988 -0.73991 1.09625 
5.79598 -0.805592 0.886773 
5.68651 -0.907891 0.748518 
5.58218 -1.00433 0.744889 
5.47741 -1.10043 0.74143 
5.36934 -1.19932 0.740117 
5.26624 -1.29333 0.736893 
5.15985 -1.3895 0.731774 
5.05327 -1.48513 0.728294 
4.94778 -1.57878 0.725247 
4.83876 -1.67482 0.720521 
4.73282 -1.76777 0.719877 
4.63119 -1.8566 0.717434 
4.52568 -1.94839 0.713662 
4.41883 -2.04074 0.71192 
4.30932 -2.13503 0.711745 
4.20032 -2.22867 0.70784 
4.08811 -2.32477 0.706911 
3.97898 -2.41757 0.703257 
