1.6 0 0 
0.105944 7.22274e-05 -0.000772459 
0.216763 -0.000167745 -0.00416015 
0.317768 -0.000711595 -0.0057218 
0.419518 -0.00137436 -0.00904997 
0.522818 -0.00240765 -0.0106356 
0.629315 -0.00355395 -0.012094 
0.734934 -0.00496445 -0.0129585 
0.841009 -0.00635737 -0.00935827 
0.951276 -0.00783623 -0.0146793 
1.06015 -0.00953686 -0.0171276 
1.17155 -0.0115548 -0.0187075 
1.28329 -0.0137037 -0.0209811 
1.39514 -0.0161953 -0.0230242 
1.50937 -0.0188895 -0.0260796 
1.62332 -0.0218542 -0.022946 
1.7383 -0.0246933 -0.0267198 
1.83913 -0.0274427 -0.0274573 
1.9404 -0.030208 -0.0278061 
2.04204 -0.0331547 -0.0299113 
2.1424 -0.0361263 -0.0295422 
2.24434 -0.0392657 -0.0314373 
2.34682 -0.0425057 -0.0303687 
2.4493 -0.045859 -0.0349979 
2.55218 -0.0494641 -0.034604 
2.65517 -0.0531611 -0.0374831 
2.75792 -0.0570452 -0.0375246 
2.86149 -0.0610266 -0.0397878 
2.96471 -0.0652474 -0.0416446 
3.06831 -0.0697521 -0.0462918 
3.17191 -0.0747199 -0.0490055 
3.27574 -0.0798899 -0.0516241 
3.38003 -0.0853259 -0.0526217 
3.48462 -0.090841 -0.0539213 
3.58891 -0.0966101 -0.0566263 
3.68899 -0.102324 -0.0591395 
3.79538 -0.110919 -0.085937 
3.90601 -0.120763 -0.0928325 
4.00703 -0.130492 -0.0992758 
4.10842 -0.140472 -0.0990062 
4.21127 -0.151014 -0.105592 
4.31673 -0.162292 -0.10821 
4.42245 -0.174094 -0.114414 
4.52947 -0.186587 -0.118142 
4.63869 -0.199846 -0.123924 
4.74724 -0.2135 -0.126362 
4.85946 -0.227999 -0.131263 
4.96982 -0.242578 -0.132296 
5.08097 -0.257664 -0.138872 
5.19283 -0.273462 -0.141698 
5.30532 -0.289734 -0.145453 
5.41971 -0.30656 -0.147022 
5.53246 -0.32356 -0.152677 
5.6329 -0.339008 -0.153534 
5.73346 -0.354577 -0.155897 
5.83404 -0.370397 -0.156532 
5.93475 -0.386382 -0.158707 
6.03566 -0.402622 -0.159451 
6.13713 -0.419083 -0.163345 
6.23839 -0.435858 -0.164259 
6.33999 -0.452784 -0.166534 
6.44235 -0.470194 -0.172087 
6.54403 -0.487824 -0.172471 
6.6456 -0.505674 -0.175057 
6.74787 -0.523807 -0.177451 
6.84982 -0.542194 -0.179245 
6.95223 -0.560743 -0.179739 
7.05452 -0.579493 -0.182954 
7.15669 -0.598324 -0.181846 
7.26022 -0.617538 -0.183228 
7.36358 -0.63673 -0.184068 
7.46585 -0.655867 -0.185902 
7.5687 -0.67524 -0.186546 
7.67206 -0.694841 -0.188688 
7.77502 -0.714563 -0.188861 
7.87835 -0.734388 -0.191888 
7.9809 -0.754269 -0.190688 
8.08246 -0.774015 -0.192927 
8.18546 -0.794186 -0.193731 
8.28862 -0.814433 -0.195211 
8.39149 -0.834837 -0.194992 
8.49504 -0.855375 -0.19774 
8.60148 -0.878476 -0.294914 
8.6248 -0.886938 -0.515416 
8.6325 -0.892439 -0.752459 
8.63823 -0.899054 -0.992437 
8.64181 -0.905947 -1.22087 
8.66852 -1.00906 -1.3222 
8.69524 -1.11439 -1.32378 
8.7225 -1.22424 -1.3292 
8.74841 -1.3299 -1.33256 
8.77347 -1.43207 -1.32949 
8.79971 -1.5392 -1.33212 
8.82646 -1.64937 -1.33273 
8.85328 -1.76095 -1.33725 
8.8773 -1.86181 -1.33696 
8.90172 -1.96506 -1.34042 
8.92595 -2.06875 -1.34157 
8.9495 -2.1703 -1.346 
8.9737 -2.27531 -1.34559 
8.99766 -2.38059 -1.34879 
9.02208 -2.48935 -1.35142 
9.04423 -2.57587 -1.13677 
9.05339 -2.58987 -0.922907 
9.13935 -2.69168 -0.843686 
9.23359 -2.79437 -0.810077 
9.33427 -2.89701 -0.779698 
9.43926 -2.99787 -0.747651 
9.50458 -3.05761 -0.951794 
9.50504 -3.0584 -1.17206 
9.5057 -3.06113 -1.38907 
9.51811 -3.16335 -1.46246 
9.5293 -3.27485 -1.48059 
9.53762 -3.37531 -1.49732 
9.54458 -3.47769 -1.51 
9.55025 -3.58141 -1.52288 
9.55476 -3.68818 -1.53457 
9.55779 -3.7837 -1.75286 
9.52486 -3.88401 -1.89928 
9.489 -3.98789 -1.90758 
9.45073 -4.09506 -1.91909 
9.41094 -4.20422 -1.9238 
9.37029 -4.31318 -1.93184 
9.32784 -4.42486 -1.93818 
9.28715 -4.52963 -1.9436 
9.24649 -4.63151 -1.95722 
9.20501 -4.73292 -1.96018 
9.16298 -4.83524 -1.96224 
9.11911 -4.94089 -1.96537 
9.07411 -5.0486 -1.96833 
9.02881 -5.15617 -1.96962 
8.98571 -5.25832 -1.97235 
8.94171 -5.36184 -1.97336 
8.89808 -5.46373 -1.98089 
8.85428 -5.56461 -1.9798 
8.80892 -5.66885 -1.98339 
8.76243 -5.77496 -1.9829 
8.71556 -5.88163 -1.98706 
8.66711 -5.99121 -1.9866 
8.6183 -6.10159 -1.98779 
8.57 -6.20487 -2.09213 
8.56551 -6.21228 -2.29321 
8.56423 -6.21351 -2.49657 
8.563 -6.21427 -2.70556 
8.56152 -6.2148 -2.91995 
8.52603 -6.21703 -3.12102 
8.42246 -6.21784 3.13316 
8.32232 -6.21575 3.10863 
8.21905 -6.21115 3.08513 
8.11548 -6.20428 3.06428 
8.01124 -6.19544 3.0491 
7.9041 -6.18462 3.0314 
7.79722 -6.17222 3.01935 
7.71889 -6.15774 2.79568 
7.6111 -6.11608 2.77141 
7.51097 -6.07717 2.76962 
7.41004 -6.03773 2.76755 
7.30864 -6.00037 2.93534 
7.20558 -5.98202 2.96867 
7.10492 -5.96461 2.97125 
7.00383 -5.94732 2.97261 
6.90144 -5.92994 2.97404 
6.79862 -5.91247 2.9726 
6.69584 -5.89488 2.96767 
6.58908 -5.87596 2.96449 
6.47942 -5.85627 2.96335 
6.37928 -5.83817 2.96244 
6.27893 -5.81997 2.96206 
6.17734 -5.80146 2.96046 
6.07277 -5.7823 2.96045 
5.96816 -5.76302 2.95856 
5.86674 -5.74423 2.9583 
5.76118 -5.7243 2.9527 
5.65445 -5.70377 2.95098 
5.54382 -5.6823 2.94945 
5.43219 -5.66046 2.94644 
5.33097 -5.64036 2.9443 
5.22694 -5.61946 2.9435 
5.12414 -5.59861 2.93973 
5.01169 -5.57567 2.93913 
4.90429 -5.55353 2.93603 
4.79535 -5.53078 2.93547 
4.69484 -5.50967 2.93323 
4.59414 -5.48832 2.93198 
4.4916 -5.46641 2.9293 
4.39159 -5.44482 2.92936 
4.28964 -5.42232 2.92284 
4.18247 -5.39834 2.92021 
4.07259 -5.37355 2.91819 
3.96072 -5.34802 2.91661 
3.86031 -5.32501 2.91532 
3.75685 -5.30105 2.91249 
3.65358 -5.27698 2.91191 
3.54427 -5.25141 2.91149 
3.43495 -5.22544 2.90574 
3.32908 -5.19992 2.90453 
3.22176 -5.17388 2.9019 
3.11131 -5.14674 2.89888 
2.99808 -5.11861 2.89629 
2.89713 -5.09327 2.8947 
2.78959 -5.06625 2.89428 
2.68335 -5.03908 2.88668 
2.57811 -5.01161 2.88533 
2.47039 -4.98324 2.88264 
2.36033 -4.95409 2.88165 
2.2493 -4.92441 2.87951 
2.14732 -4.89694 2.87724 
2.04597 -4.86945 2.87545 
1.9452 -4.842 2.87362 
1.84234 -4.82139 2.96173 
1.73429 -4.80176 2.96034 
1.62375 -4.78135 2.9575 
1.51099 -4.76035 2.95611 
1.40921 -4.74115 2.95362 
1.2992 -4.72016 2.95171 
1.19374 -4.69978 2.95012 
1.08959 -4.67936 2.94472 
0.980893 -4.65766 2.94437 
0.868977 -4.6352 2.94153 
0.768784 -4.61484 2.94039 
0.666855 -4.59402 2.93913 
0.563528 -4.57268 2.93679 
0.458951 -4.55095 2.93652 
0.35855 -4.5299 2.93379 
0.253271 -4.50701 2.92459 
0.146337 -4.48335 2.92327 
0.0365714 -4.45902 2.92284 
-0.074111 -4.43427 2.92064 
-0.174665 -4.41157 2.91871 
-0.276508 -4.38837 2.91621 
-0.378239 -4.36503 2.91645 
-0.478706 -4.34261 2.9214 
-0.586213 -4.31853 2.92028 
-0.691333 -4.29471 2.90932 
-0.792946 -4.2562 2.70977 
-0.901725 -4.2056 2.70167 
-1.00862 -4.15499 2.69738 
-1.11676 -4.10314 2.6892 
-1.21818 -4.05374 2.68792 
-1.32704 -4.00068 2.68739 
-1.43728 -3.94681 2.6858 
-1.5376 -3.89734 2.68065 
