1.6 0 0 
0.114608 3.79208e-05 -0.00126939 
0.215812 0.000112943 0.00176659 
0.318793 0.000340334 0.00237203 
0.422732 0.000658629 0.00473879 
0.525543 0.00138888 0.00953475 
0.630542 0.00262053 0.0109537 
0.749951 0.00413522 0.0136183 
0.857092 0.00587466 0.0151747 
0.957755 0.00754879 0.0190401 
1.07791 0.0100582 0.0225147 
1.17845 0.0123797 0.0235619 
1.28207 0.0148893 0.0257394 
1.38517 0.0176413 0.027615 
1.49778 0.0209333 0.0327165 
1.60065 0.0243831 0.0353987 
1.7114 0.0283759 0.0367216 
1.82618 0.0329706 0.0510263 
1.90434 0.0413877 0.25296 
1.90923 0.0430034 0.453078 
1.91247 0.0449511 0.657612 
1.91499 0.0472724 0.862365 
1.91729 0.0504584 1.06704 
1.91768 0.0513258 1.278 
1.9237 0.0920091 1.48435 
1.92843 0.19402 1.52973 
1.93306 0.309214 1.531 
1.93785 0.430375 1.53135 
1.94184 0.53182 1.53203 
1.94575 0.634232 1.5324 
1.94968 0.737834 1.53362 
1.95349 0.844571 1.53584 
1.95672 0.95663 1.57974 
1.95063 1.04423 1.78866 
1.9459 1.0608 2.0235 
1.9384 1.0726 2.25096 
1.83358 1.17355 2.41515 
1.72246 1.26255 2.58378 
1.61953 1.3163 2.75964 
1.50056 1.35522 2.88045 
1.37764 1.38544 2.92053 
1.27265 1.40803 2.94084 
1.16313 1.4289 2.96996 
1.05582 1.44659 2.99045 
0.946006 1.46235 3.01224 
0.830413 1.47416 3.10459 
0.755332 1.47211 -2.97286 
0.740915 1.46861 -2.75022 
0.724289 1.459 -2.52011 
0.615284 1.35348 -2.30548 
0.517148 1.23792 -2.23374 
0.438947 1.13264 -2.18047 
0.367277 1.02431 -2.12589 
0.299622 0.909675 -2.07455 
0.237255 0.79128 -2.03104 
0.189323 0.690779 -1.99703 
0.14472 0.588632 -1.96571 
0.102054 0.482203 -1.93625 
0.063131 0.376452 -1.90722 
0.0269511 0.269997 -1.90308 
-0.0113429 0.169763 -1.98485 
-0.0600041 0.0691413 -2.10576 
-0.139725 -0.0418987 -2.30491 
-0.255495 -0.151778 -2.43282 
-0.36132 -0.238856 -2.46103 
-0.469879 -0.327805 -2.44869 
-0.574607 -0.420632 -2.34554 
-0.634572 -0.490201 -2.13807 
-0.649646 -0.518823 -1.89637 
-0.659132 -0.563678 -1.68276 
-0.66336 -0.670912 -1.56141 
-0.659493 -0.772607 -1.50446 
-0.649047 -0.882923 -1.44111 
-0.632391 -0.990893 -1.38784 
-0.609485 -1.10094 -1.33307 
-0.581267 -1.20749 -1.27981 
-0.546951 -1.31529 -1.23608 
-0.509687 -1.41651 -1.19199 
-0.461813 -1.52762 -1.13075 
-0.408713 -1.63299 -1.07776 
-0.349355 -1.7381 -1.03768 
-0.278649 -1.85298 -0.995473 
-0.208697 -1.95594 -0.943036 
-0.130047 -2.05764 -0.884432 
-0.042808 -2.15915 -0.818721 
0.0625845 -2.2671 -0.794648 
0.166692 -2.37385 -0.843843 
0.246676 -2.48005 -1.01765 
0.302736 -2.5903 -1.18063 
0.343028 -2.69513 -1.21416 
0.383522 -2.80385 -1.21457 
0.422674 -2.90972 -1.22082 
0.460879 -3.01456 -1.22636 
0.497828 -3.11778 -1.22889 
0.538156 -3.23115 -1.22995 
0.574404 -3.33355 -1.231 
0.611797 -3.43934 -1.23162 
0.650148 -3.54831 -1.23239 
0.686016 -3.65053 -1.23525 
0.722431 -3.75744 -1.29153 
0.740924 -3.85754 -1.42019 
0.75675 -3.96205 -1.41814 
0.772341 -4.06248 -1.41451 
0.789727 -4.17292 -1.41348 
0.806586 -4.27854 -1.41122 
0.823668 -4.38211 -1.40564 
0.842754 -4.49621 -1.40424 
0.862762 -4.61483 -1.40289 
0.883257 -4.73534 -1.40202 
0.902413 -4.84731 -1.39993 
0.920186 -4.94866 -1.39282 
0.940127 -5.06062 -1.39452 
0.961078 -5.17751 -1.39282 
0.981704 -5.29205 -1.3915 
1.00085 -5.39698 -1.38921 
1.02125 -5.50678 -1.38391 
1.04206 -5.61637 -1.38317 
1.06347 -5.72865 -1.3691 
1.09432 -5.83425 -1.18251 
1.13801 -5.93732 -1.1649 
1.18434 -6.04492 -1.16356 
1.22874 -6.14659 -1.12905 
1.28802 -6.24669 -0.959417 
1.36325 -6.35253 -0.950838 
1.44429 -6.46597 -0.951563 
1.5102 -6.56604 -1.06967 
1.56285 -6.67379 -1.13881 
1.61113 -6.77853 -1.13858 
1.66279 -6.89021 -1.13638 
1.714 -7.0005 -1.13606 
1.76248 -7.10465 -1.13355 
1.8124 -7.21121 -1.12706 
1.85165 -7.28384 -0.918887 
1.91882 -7.35366 -0.692632 
2.01787 -7.42016 -0.485277 
2.13088 -7.47563 -0.441114 
2.24111 -7.52537 -0.373455 
2.3439 -7.55796 -0.244445 
2.44776 -7.58235 -0.218822 
2.50763 -7.59121 -0.0075808 
2.58015 -7.58251 0.228189 
2.67341 -7.55246 0.428691 
2.77653 -7.4912 0.659754 
2.8792 -7.40271 0.744816 
2.983 -7.30371 0.817748 
3.06428 -7.20148 0.971212 
3.1287 -7.10014 1.16533 
3.15352 -7.01923 1.38192 
3.16373 -6.92041 1.586 
3.15363 -6.82201 1.79133 
3.11801 -6.70665 1.91978 
3.07715 -6.59726 1.94215 
3.03522 -6.49301 1.96894 
2.98928 -6.3839 1.97022 
2.94228 -6.27261 1.97033 
2.89294 -6.16115 2.03925 
2.83204 -6.05843 2.1633 
2.76351 -5.9574 2.17557 
2.68602 -5.846 2.18044 
2.60428 -5.72921 2.1829 
2.51968 -5.61893 2.31767 
2.41662 -5.51665 2.37572 
2.30372 -5.40923 2.38417 
2.20153 -5.31277 2.38569 
2.09787 -5.21528 2.38813 
1.99361 -5.1174 2.38839 
1.89329 -5.02358 2.39006 
1.783 -4.92139 2.39818 
1.6811 -4.82779 2.3989 
1.57746 -4.73289 2.40053 
1.47519 -4.63942 2.40798 
1.36492 -4.54034 2.41056 
1.26229 -4.44853 2.41205 
1.15683 -4.35442 2.41363 
1.05616 -4.26479 2.41449 
0.95543 -4.17552 2.42116 
0.854463 -4.08686 2.42116 
0.749171 -3.9944 2.39807 
0.649031 -3.88753 2.24537 
0.569661 -3.78718 2.2387 
0.481509 -3.67652 2.24634 
0.392478 -3.5658 2.24978 
0.305009 -3.45745 2.23262 
0.225884 -3.35389 2.22669 
0.139398 -3.24245 2.23178 
0.0586181 -3.13143 2.12398 
0.00143957 -3.0266 2.04686 
-0.0545275 -2.91827 2.0488 
-0.114158 -2.80326 2.04983 
-0.169226 -2.69718 2.04969 
-0.225394 -2.58869 2.03176 
-0.270251 -2.48192 1.88314 
-0.303644 -2.37365 1.86733 
-0.334682 -2.27183 1.86663 
-0.367799 -2.16338 1.8687 
-0.402948 -2.04925 1.86996 
-0.435991 -1.94289 1.87531 
-0.468872 -1.83775 1.87368 
-0.503368 -1.72863 1.87864 
-0.536259 -1.6255 1.87993 
-0.573601 -1.50892 1.88189 
-0.611337 -1.39153 1.88174 
-0.645158 -1.28668 1.88438 
-0.679714 -1.18009 1.88565 
