1.6 0 0 
0.111941 -0.000129072 -0.0014891 
0.232696 -0.000341991 -0.00153585 
0.332726 -0.000680507 -0.00422257 
0.434447 -0.0010272 -0.00158461 
0.535843 -0.00140074 -0.00606588 
0.63817 -0.00163652 0.0352221 
0.684929 0.00270966 0.253143 
0.69123 0.00510861 0.468396 
0.719093 0.0229778 0.669616 
0.726747 0.0299657 0.892201 
0.730375 0.0358204 1.111 
0.764041 0.144936 1.31582 
0.793482 0.265801 1.35338 
0.814521 0.367318 1.38419 
0.833081 0.472818 1.41072 
0.848652 0.577013 1.44068 
0.861541 0.682805 1.46159 
0.872512 0.792972 1.48528 
0.880823 0.900866 1.50001 
0.890459 1.00877 1.43501 
0.91153 1.11818 1.33869 
0.934328 1.21969 1.36453 
0.956071 1.32711 1.37896 
0.975873 1.43162 1.39258 
0.995012 1.54119 1.40461 
1.01325 1.65171 1.41295 
1.03037 1.76242 1.42162 
1.0468 1.87405 1.43059 
1.06228 1.9864 1.43729 
1.07717 2.09946 1.44424 
1.09124 2.21279 1.45067 
1.10494 2.32884 1.45802 
1.1175 2.44313 1.46504 
1.12936 2.55805 1.47212 
1.14045 2.6729 1.47721 
1.15095 2.78818 1.48401 
1.16086 2.90453 1.48756 
1.17052 3.02284 1.49151 
1.17953 3.13949 1.49696 
1.18789 3.2573 1.50394 
1.19559 3.3735 1.50738 
1.20278 3.49152 1.51173 
1.20974 3.61059 1.51508 
1.21605 3.7285 1.51855 
1.22223 3.84642 1.52074 
1.2279 3.96461 1.52387 
1.23318 4.08335 1.53098 
1.23808 4.20467 1.52997 
1.24276 4.3231 1.53426 
1.24707 4.44158 1.53564 
1.25108 4.56074 1.53858 
1.25497 4.68004 1.53963 
1.25851 4.79969 1.5427 
1.26194 4.91867 1.54253 
1.2649 5.03132 1.54605 
1.26713 5.13248 1.54993 
1.26899 5.23429 1.5584 
1.27059 5.34729 1.55652 
1.27219 5.46786 1.55736 
1.27364 5.56849 1.55671 
1.27496 5.67034 1.5579 
1.27648 5.77301 1.55507 
1.27803 5.87874 1.55666 
1.27968 5.98391 1.55478 
1.2813 6.08935 1.55604 
1.28299 6.19557 1.55337 
1.28484 6.30307 1.55444 
1.28668 6.41124 1.55242 
1.28867 6.52041 1.55277 
1.29078 6.63255 1.55091 
1.29293 6.74254 1.55134 
1.29528 6.8533 1.54786 
1.29779 6.96457 1.54874 
1.3004 7.0764 1.54597 
1.30298 7.1836 1.5495 
1.30549 7.28795 1.54619 
1.30806 7.39583 1.54776 
1.31071 7.50805 1.54596 
1.31336 7.6155 1.54677 
1.3162 7.728 1.54433 
1.31929 7.84416 1.54328 
1.3225 7.95746 1.54334 
1.32561 8.07157 1.5441 
1.32881 8.18588 1.54231 
1.33217 8.30337 1.542 
1.33573 8.41894 1.53846 
1.33947 8.53489 1.53754 
1.34329 8.64741 1.53743 
1.34686 8.75471 1.53592 
1.35053 8.85532 1.53423 
1.35473 8.96348 1.53118 
1.35876 9.064 1.5348 
1.35867 9.18175 1.65133 
1.34 9.29818 1.85154 
1.29384 9.41265 2.05444 
1.23519 9.51708 2.09726 
1.17356 9.62291 2.09966 
1.10942 9.73119 2.11008 
1.04839 9.83128 2.12443 
0.984831 9.93373 2.12482 
0.920945 10.0367 2.12731 
0.855745 10.1418 2.1252 
0.922719 10.0334 2.12337 
0.985815 9.93087 2.12005 
1.05121 9.82368 2.11593 
1.11197 9.72362 2.11538 
1.1749 9.61993 2.11608 
1.23568 9.5192 2.11064 
1.29796 9.41521 2.109 
1.35998 9.31103 2.10754 
1.423 9.20494 2.10491 
1.48634 9.09765 2.10264 
1.54554 8.99581 2.08884 
1.603 8.89503 2.08904 
1.66257 8.79008 2.08437 
1.72303 8.68291 2.08266 
1.78219 8.57717 2.07897 
1.84242 8.46889 2.07705 
1.8927 8.37111 1.87692 
1.90722 8.30144 1.67076 
1.90807 8.20438 1.45831 
1.88767 8.10815 1.23142 
1.84467 8.01579 1.00495 
1.78254 7.93607 0.779689 
1.67195 7.84448 0.681627 
1.56145 7.75579 0.672925 
1.45017 7.6673 0.668192 
1.34986 7.58826 0.665503 
1.24932 7.5096 0.659394 
1.14669 7.43031 0.655371 
1.0358 7.34553 0.651964 
0.922234 7.2593 0.645947 
0.806558 7.17385 0.595546 
0.693628 7.11007 0.43582 
0.587016 7.06112 0.463919 
0.480594 6.99677 0.648241 
0.391757 6.91491 0.872356 
0.31793 6.81113 1.02196 
0.256948 6.7102 1.03055 
0.193824 6.60539 1.02653 
0.130961 6.50177 1.02316 
0.0678779 6.39858 1.02126 
0.00236286 6.29189 1.0176 
-0.0604614 6.19017 1.01662 
-0.12744 6.08237 1.013 
-0.191962 5.97865 1.01392 
-0.262913 5.86501 1.03027 
-0.316605 5.76229 1.17446 
-0.352224 5.6497 1.40169 
-0.359878 5.54893 1.61777 
-0.345702 5.44516 1.80289 
-0.313137 5.32688 1.86196 
-0.282734 5.22626 1.86634 
-0.24638 5.10828 1.87433 
-0.213171 5.00303 1.87961 
-0.176681 4.89239 1.894 
-0.142271 4.78944 1.89088 
-0.104014 4.67383 1.88964 
-0.0663326 4.55907 1.88586 
-0.0276673 4.44026 1.88426 
0.00712364 4.33258 1.88251 
0.0398265 4.23055 1.88051 
0.0718732 4.12971 1.87832 
0.10618 4.02082 1.87294 
0.142072 3.90501 1.86995 
0.178651 3.78675 1.86947 
0.210788 3.68159 1.8644 
0.241348 3.58079 1.86421 
0.266179 3.47519 1.74833 
0.285084 3.3665 1.73735 
0.308433 3.24781 1.83828 
0.344825 3.14139 1.93507 
0.38689 3.03216 1.9919 
0.444928 2.93116 2.13002 
0.468952 2.88507 1.90864 
0.485462 2.81678 1.70475 
0.491894 2.71657 1.56487 
0.488647 2.60074 1.53196 
0.48435 2.49936 1.53183 
0.48428 2.39561 1.63632 
0.496151 2.29321 1.72289 
0.513385 2.18057 1.72055 
0.528452 2.07797 1.71199 
0.542437 1.97737 1.70719 
0.558043 1.8626 1.70208 
0.569078 1.76205 1.62516 
0.566222 1.64483 1.43722 
0.543683 1.5461 1.22058 
0.498848 1.45201 0.997947 
0.420875 1.35617 0.77984 
0.318881 1.2616 0.733517 
0.210967 1.16439 0.732392 
0.104404 1.07805 0.574999 
-0.00381421 1.01519 0.500756 
-0.11062 0.957139 0.496023 
-0.228817 0.893296 0.493059 
-0.334451 0.836886 0.487266 
-0.435132 0.783633 0.48387 
-0.537615 0.729839 0.484259 
-0.638304 0.677092 0.482972 
-0.74128 0.623226 0.481638 
-0.849677 0.566647 0.478424 
-0.96082 0.509455 0.472836 
-1.0651 0.456045 0.476615 
-1.17221 0.40065 0.476069 
-1.27978 0.345502 0.470521 
-1.38649 0.291315 0.46879 
-1.49016 0.23902 0.466795 
-1.58435 0.196734 0.239412 
-1.65784 0.186488 0.0378091 
-1.77541 0.189239 -0.0797339 
-1.8909 0.196669 0.00756524 
-1.9893 0.187149 0.21698 
-2.09742 0.154028 0.365429 
-1.99216 0.193535 0.35724 
-1.88514 0.227178 0.188884 
-1.78287 0.243052 0.146094 
-1.6799 0.256002 0.00367149 
-1.57431 0.249239 -0.0693321 
-1.45561 0.241041 -0.0679489 
-1.35559 0.234197 -0.0695634 
-1.25473 0.227121 -0.0703368 
-1.15102 0.219755 -0.0717872 
-1.03344 0.211402 -0.0674883 
-0.929475 0.204289 -0.0692134 
-0.822952 0.19719 -0.0625021 
-0.714686 0.190463 -0.0609698 
-0.596631 0.183157 -0.0627684 
-0.496142 0.176788 -0.0643426 
-0.382152 0.169487 -0.0618362 
-0.273931 0.162747 -0.0608195 
