1.6 0 0 
0.0400035 0.00423097 0.224666 
0.132324 0.036991 0.467794 
0.214781 0.0887396 0.685228 
0.284784 0.158134 0.909264 
0.338183 0.242066 1.1285 
0.378634 0.357936 1.34584 
0.401568 0.478674 1.40417 
0.418634 0.581924 1.40801 
0.434834 0.684612 1.43065 
0.445771 0.788251 1.54242 
0.441977 0.890886 1.70669 
0.417622 0.994823 1.93029 
0.369277 1.09325 2.15978 
0.301154 1.17696 2.38557 
0.215319 1.24366 2.60946 
0.0950557 1.30098 2.77771 
-0.00592289 1.33803 2.76809 
-0.107698 1.38762 2.57498 
-0.216328 1.47298 2.38864 
-0.326228 1.57636 2.39259 
-0.426429 1.66903 2.40176 
-0.530553 1.76557 2.34626 
-0.630651 1.87604 2.29117 
-0.714373 1.98233 2.12705 
-0.738515 2.02803 1.9073 
-0.742233 2.04202 1.68753 
-0.741419 2.07374 1.46804 
-0.720235 2.19309 1.34745 
-0.693689 2.29799 1.28882 
-0.662134 2.39844 1.22906 
-0.618247 2.51118 1.1687 
-0.56735 2.62242 1.10649 
-0.512619 2.72405 1.03536 
-0.445007 2.8263 0.938899 
-0.358187 2.93754 0.874928 
-0.268166 3.03843 0.772477 
-0.154858 3.1491 0.7749 
-0.0406376 3.2625 0.827475 
0.0440632 3.37258 0.986154 
0.117834 3.48441 0.987832 
0.183979 3.5853 0.991948 
0.250865 3.68782 0.99244 
0.316754 3.78848 0.989879 
0.389361 3.8985 0.987226 
0.457063 4.00081 0.9858 
0.470804 4.01978 0.783278 
0.497545 4.04204 0.572724 
0.613451 4.10838 0.511032 
0.719876 4.1676 0.50217 
0.832398 4.22766 0.443471 
0.935982 4.26385 0.257336 
1.04294 4.29109 0.243823 
1.15079 4.31638 0.222916 
1.25901 4.34091 0.223662 
1.37516 4.36729 0.221583 
1.48245 4.3913 0.220129 
1.58718 4.41451 0.215743 
1.68881 4.43752 0.224211 
1.80166 4.46326 0.224906 
1.90898 4.48391 0.0967769 
2.01719 4.48695 0.00438261 
2.12782 4.48717 0.000290791 
2.23157 4.48713 -0.0013679 
2.34525 4.48682 -0.00434612 
2.45401 4.48631 -0.00579287 
2.55841 4.48537 -0.00930246 
2.67056 4.48435 -0.0142687 
2.77564 4.47602 -0.208307 
2.80431 4.46752 -0.439277 
2.89913 4.40046 -0.640008 
3.01192 4.31437 -0.667571 
3.11598 4.22838 -0.774747 
3.17091 4.17196 -0.549446 
3.17391 4.17049 -0.335041 
3.17713 4.16972 -0.104337 
3.18 4.16969 0.114741 
3.18299 4.17033 0.346982 
3.18561 4.17161 0.581169 
3.18745 4.17313 0.813617 
3.18887 4.17496 1.0531 
3.1897 4.17671 1.2549 
3.1901 4.17844 1.46014 
3.19014 4.18105 1.25614 
3.15264 4.07123 1.24023 
3.11373 3.95828 1.23636 
3.0736 3.84352 1.2329 
3.0338 3.73104 1.22674 
2.99433 3.62159 1.22449 
2.95469 3.5127 1.21933 
2.91789 3.41263 1.21749 
2.87604 3.29966 1.21305 
2.83402 3.187 1.2145 
2.79336 3.07862 1.20672 
2.75367 2.97485 1.20397 
2.71439 2.87435 1.16977 
2.65443 2.7657 0.991145 
2.58697 2.65943 1.02836 
2.53549 2.5532 1.25629 
2.51258 2.4522 1.47268 
2.51321 2.34009 1.6921 
2.53115 2.23547 1.76708 
2.55393 2.12369 1.77233 
2.57664 2.01183 1.76764 
2.60006 1.89285 1.76246 
2.62284 1.77363 1.75617 
2.64157 1.67293 1.75406 
2.66012 1.5723 1.75263 
2.68052 1.4584 1.74414 
2.70057 1.34225 1.73811 
2.71767 1.24088 1.73837 
2.73444 1.1406 1.73325 
2.75097 1.03887 1.72983 
2.7671 0.936898 1.72414 
2.78345 0.829894 1.71992 
2.79573 0.747508 1.50248 
2.79563 0.746884 1.27763 
2.79533 0.746178 1.04452 
2.79518 0.745963 0.841118 
2.79497 0.745777 0.628461 
2.68786 0.690776 0.471801 
2.5804 0.635955 0.470074 
2.47162 0.581063 0.464361 
2.36398 0.527396 0.459469 
2.26397 0.478213 0.45783 
2.16127 0.428007 0.448052 
2.05105 0.375389 0.442622 
1.94121 0.323476 0.440696 
1.83218 0.272171 0.439157 
1.71969 0.219392 0.437205 
1.60731 0.167086 0.434365 
1.5032 0.118996 0.430197 
1.40006 0.0719071 0.425066 
1.29136 0.0231372 0.420929 
1.18079 -0.0263323 0.419794 
1.07039 -0.0755427 0.418702 
0.96218 -0.116903 0.248908 
0.85391 -0.140974 0.21065 
0.73591 -0.166084 0.207047 
0.617653 -0.189375 0.150241 
0.509156 -0.198109 0.00489273 
0.4074 -0.197308 -0.0136316 
0.305519 -0.19536 -0.0237806 
0.18892 -0.192549 -0.0229456 
0.0694971 -0.189424 -0.0307178 
-0.034473 -0.18598 -0.0515846 
-0.151343 -0.173001 -0.204532 
-0.252982 -0.148063 -0.262834 
-0.360386 -0.11894 -0.267248 
-0.470014 -0.0887447 -0.270216 
-0.58729 -0.0560574 -0.272097 
-0.703306 -0.0237133 -0.27326 
-0.808888 0.00610851 -0.276809 
-0.7016 -0.0243261 -0.276379 
-0.585638 -0.0572411 -0.27615 
-0.467565 -0.0902671 -0.27182 
-0.355299 -0.121512 -0.270556 
-0.254949 -0.149523 -0.273319 
-0.143323 -0.180039 -0.263371 
-0.0337241 -0.209636 -0.263646 
0.0830317 -0.24108 -0.26336 
0.201709 -0.273086 -0.261833 
0.31635 -0.303594 -0.262318 
0.420147 -0.331506 -0.261955 
0.52412 -0.359075 -0.253747 
0.639964 -0.389234 -0.254309 
0.756941 -0.419729 -0.256885 
0.875835 -0.451038 -0.256738 
0.983892 -0.479384 -0.257677 
1.09041 -0.507122 -0.252733 
