1.6 0 0 
0.101975 0.00291469 0.130466 
0.205285 0.0267871 0.352657 
0.294173 0.068672 0.562894 
0.373359 0.128606 0.773084 
0.438898 0.20457 0.988804 
0.48743 0.295937 1.2063 
0.514331 0.394789 1.43369 
0.518909 0.497562 1.6532 
0.501117 0.6 1.86909 
0.458287 0.702208 2.08238 
0.391209 0.8122 2.13444 
0.323629 0.916612 2.15657 
0.251069 1.0248 2.16985 
0.175004 1.13492 2.18244 
0.0988652 1.2424 2.19368 
0.019354 1.35211 2.20393 
-0.0602727 1.45947 2.21411 
-0.142754 1.56857 2.22401 
-0.226541 1.67724 2.23175 
-0.301105 1.78458 2.09544 
-0.351704 1.88777 1.91207 
-0.380613 1.99755 1.71191 
-0.386811 2.1103 1.50694 
-0.369214 2.22498 1.29681 
-0.329057 2.33156 1.08988 
-0.26718 2.4278 0.878244 
-0.186353 2.50898 0.667375 
-0.0901418 2.5714 0.456381 
0.0180393 2.61258 0.265037 
0.128185 2.63709 0.182904 
0.241459 2.65747 0.173309 
0.360301 2.67776 0.163853 
0.476494 2.69644 0.154615 
0.593026 2.71416 0.145591 
0.709875 2.73086 0.137368 
0.827336 2.7464 0.126341 
0.944822 2.76092 0.117509 
1.06189 2.77446 0.111664 
1.17988 2.78735 0.105335 
1.30136 2.79982 0.0985338 
1.41918 2.81123 0.0939531 
1.53803 2.82209 0.0866645 
1.65683 2.83224 0.0835425 
1.77605 2.84184 0.0771716 
1.89505 2.85088 0.0736823 
2.01463 2.85945 0.069106 
2.1338 2.8676 0.0652582 
2.25359 2.87519 0.0619414 
2.37343 2.88244 0.0574007 
2.49292 2.88908 0.0537184 
2.61269 2.89529 0.0482837 
2.73262 2.90093 0.0457768 
2.8525 2.90617 0.0412539 
2.97098 2.91094 0.0399816 
3.07747 2.91492 0.0347275 
2.95963 2.9121 0.0266145 
2.85959 2.90936 0.0279259 
2.75947 2.90669 0.0251641 
2.65755 2.90413 0.0241172 
2.55394 2.90169 0.0226893 
2.45005 2.89937 0.0223097 
2.34491 2.89709 0.0199 
2.23866 2.89492 0.0217786 
2.13139 2.8926 0.0206605 
2.02135 2.8903 0.0214778 
1.91249 2.88802 0.019954 
1.80115 2.88594 0.0174533 
1.69476 2.88416 0.0143436 
1.58579 2.88245 0.016576 
1.48487 2.88077 0.0165806 
1.37299 2.87921 0.0135988 
1.48053 2.88016 0.00965932 
1.59972 2.88125 0.00953547 
1.70325 2.88229 0.00945706 
1.80556 2.88325 0.00994838 
1.90859 2.88423 0.00855211 
2.01322 2.88511 0.00841117 
2.11855 2.88606 0.00868065 
2.2251 2.88692 0.00760707 
2.33198 2.88777 0.00802851 
2.4424 2.88861 0.00700716 
2.55151 2.88941 0.00688901 
2.66043 2.8901 0.00610865 
2.77098 2.89079 0.00538419 
2.88178 2.89132 0.00471772 
2.99272 2.89191 0.00497448 
3.10532 2.89237 0.00387337 
3.2171 2.89283 0.000353747 
3.32909 2.89285 -3.55306e-05 
3.4425 2.8929 -0.000471748 
3.556 2.89277 -0.00120355 
3.67035 2.89263 -0.00185202 
3.78713 2.89233 -0.00280635 
3.90212 2.89209 -0.00244346 
4.01711 2.89187 -0.00174509 
4.13235 2.89136 -0.00511724 
4.24882 2.89074 -0.00457321 
4.36534 2.89013 -0.00672294 
4.48441 2.88925 -0.00785398 
4.60124 2.88825 -0.00931015 
4.7186 2.88708 -0.00937133 
4.83818 2.8858 -0.0114904 
4.95625 2.88444 -0.0122015 
5.07376 2.88283 -0.0152019 
5.19199 2.88102 -0.0165783 
5.31021 2.87887 -0.0193732 
5.42888 2.87655 -0.0214795 
5.54699 2.87399 -0.0212629 
5.66771 2.8714 -0.0229936 
5.78688 2.86851 -0.0241802 
5.90544 2.8657 -0.0245339 
6.02371 2.86273 -0.0254734 
6.14534 2.85953 -0.0274186 
6.26496 2.85621 -0.0274633 
6.38371 2.85286 -0.0288098 
6.49857 2.84954 -0.0351008 
6.60061 2.8402 -0.185111 
6.64334 2.82948 -0.417877 
6.65257 2.82412 -0.65721 
6.66003 2.817 -0.902026 
6.66516 2.809 -1.1278 
6.67088 2.79298 -1.35097 
6.67214 2.78183 -1.55647 
6.67188 2.66333 -1.57466 
6.67092 2.54667 -1.58076 
6.66985 2.44463 -1.58197 
6.66868 2.34384 -1.5836 
6.66647 2.24195 -1.62588 
6.65286 2.12839 -1.77327 
6.63007 2.02661 -1.79629 
6.60597 1.92298 -1.79978 
6.58149 1.81862 -1.80234 
6.55366 1.70064 -1.80297 
6.52571 1.58324 -1.80693 
6.49658 1.46204 -1.80714 
6.47016 1.35293 -1.80917 
6.44276 1.24469 -1.85733 
6.40365 1.14022 -2.00207 
6.3537 1.03529 -2.02075 
6.30112 0.9275 -2.02466 
6.24997 0.823167 -2.04719 
6.18077 0.710502 -2.21986 
6.10035 0.608646 -2.26366 
5.99373 0.505183 -2.46003 
5.92661 0.45563 -2.66419 
5.84586 0.42514 -2.86544 
5.73111 0.394649 -2.88697 
5.61213 0.364155 -2.89553 
5.50214 0.336693 -2.89969 
5.40159 0.312258 -2.90754 
5.32353 0.297803 -3.11754 
5.23466 0.30613 2.92806 
5.12121 0.343444 2.71937 
5.01708 0.39388 2.6762 
4.90657 0.449952 2.66701 
4.79602 0.50753 2.65225 
4.69368 0.562944 2.63901 
4.58318 0.631712 2.47789 
4.49887 0.710477 2.25408 
4.44439 0.7906 2.04813 
4.39879 0.899643 1.90806 
4.3644 1.00099 1.88982 
4.33026 1.104 1.89173 
4.29233 1.21862 1.889 
4.26081 1.32943 1.76852 
4.24832 1.44862 1.53702 
4.26131 1.5519 1.32205 
4.29263 1.64258 1.12091 
4.34842 1.74307 0.994489 
4.4224 1.85483 0.985413 
4.48711 1.95575 1.04862 
4.53997 2.0682 1.213 
4.57715 2.16943 1.24109 
4.60727 2.28059 1.37456 
4.62597 2.38279 1.39681 
4.64464 2.49097 1.40528 
4.62808 2.38775 1.40988 
4.60871 2.26908 1.4078 
4.58919 2.15099 1.40621 
4.57209 2.04838 1.40542 
4.55507 1.94679 1.40456 
4.53787 1.84418 1.4055 
4.52047 1.74033 1.40343 
4.50284 1.63575 1.40426 
4.48506 1.53059 1.40192 
4.46692 1.42445 1.40168 
4.44809 1.31479 1.39779 
4.42924 1.20711 1.39601 
4.40996 1.0986 1.38485 
4.3855 0.993793 1.26231 
4.34819 0.892721 1.18383 
4.30262 0.784479 1.11857 
4.23958 0.677802 0.973894 
4.16661 0.570894 0.967997 
4.09013 0.460438 0.962601 
4.01126 0.347971 0.956968 
3.93151 0.235177 0.953326 
3.85757 0.131986 0.944129 
3.78118 0.026847 0.938999 
3.7043 -0.0769452 0.92892 
3.62248 -0.178947 0.816834 
3.52183 -0.268569 0.581002 
3.43363 -0.31583 0.369324 
3.33883 -0.343134 0.157437 
3.23039 -0.351986 0.0154252 
3.12647 -0.352055 -0.015231 
3.00909 -0.350339 -0.0148465 
2.90759 -0.347984 -0.058548 
2.79773 -0.334167 -0.207219 
2.69046 -0.309302 -0.254793 
2.5836 -0.273326 -0.416226 
2.48248 -0.22406 -0.470319 
2.3694 -0.165404 -0.478628 
2.25669 -0.106887 -0.480282 
2.14513 -0.0449133 -0.573371 
2.03098 0.0401512 -0.715474 
1.92314 0.136354 -0.681811 
1.8374 0.193694 -0.47044 
1.72444 0.23713 -0.23129 
1.62031 0.252236 -0.0224652 
1.50412 0.243307 0.191927 
1.39818 0.217765 0.258923 
1.29171 0.196259 0.0788706 
1.19141 0.178753 0.284941 
1.0808 0.133544 0.532155 
0.999797 0.075712 0.744818 
0.932257 0.00104047 0.96239 
0.883544 -0.083759 1.16376 
0.84865 -0.184111 1.29573 
0.820376 -0.288406 1.32605 
0.794721 -0.391948 1.3292 
0.766699 -0.505877 1.32771 
0.73212 -0.618321 1.17448 
0.677332 -0.725686 0.962485 
0.612053 -0.803465 0.750655 
0.529114 -0.866757 0.526359 
0.416958 -0.916418 0.309157 
0.315183 -0.944719 0.2501 
0.211943 -0.969865 0.2267 
0.0983645 -0.988566 0.0696102 
-0.0180604 -0.991823 -0.00719709 
-0.136033 -0.994294 0.118059 
-0.235209 -1.01491 0.327966 
-0.328544 -1.05633 0.542026 
-0.409753 -1.11547 0.750056 
-0.501726 -1.21981 0.921259 
-0.56168 -1.30781 1.16503 
-0.582924 -1.37594 1.37105 
-0.593736 -1.47299 1.58312 
-0.583347 -1.57134 1.79984 
-0.55195 -1.66569 2.01981 
-0.499457 -1.75198 2.24204 
-0.430738 -1.82374 2.4581 
-0.329445 -1.89478 2.57425 
-0.234946 -1.94935 2.7925 
-0.177678 -1.96419 3.00172 
-0.0825823 -1.96913 -3.07869 
0.0142576 -1.95384 -2.86034 
0.108615 -1.91632 -2.6338 
0.191617 -1.85925 -2.41365 
0.260724 -1.78421 -2.1884 
0.311727 -1.69499 -1.96149 
0.343328 -1.59227 -1.76731 
0.359997 -1.48549 -1.68613 
0.363938 -1.42123 -1.47757 
0.346356 -1.33694 -1.27702 
0.306682 -1.22745 -1.18468 
0.26082 -1.11572 -1.17827 
0.213829 -1.00269 -1.17124 
0.160577 -0.891226 -1.03728 
0.0807177 -0.779499 -0.825811 
0.00635773 -0.711912 -0.619573 
-0.0996063 -0.648587 -0.490044 
-0.201023 -0.595148 -0.486961 
-0.305164 -0.539849 -0.488963 
-0.411582 -0.483038 -0.51065 
-0.524626 -0.407032 -0.691887 
-0.596069 -0.336139 -0.902084 
-0.65205 -0.250398 -1.11438 
-0.689364 -0.151083 -1.33583 
-0.704068 -0.0481961 -1.55688 
-0.696693 0.0524183 -1.75821 
-0.667409 0.155281 -1.94533 
-0.62229 0.260651 -1.98472 
-0.57806 0.361063 -1.98654 
-0.529438 0.471297 -1.96343 
-0.492302 0.580285 -1.80856 
-0.474415 0.699098 -1.58196 
-0.482671 0.800583 -1.36127 
-0.512834 0.898819 -1.1454 
-0.56417 0.989028 -0.92587 
-0.633346 1.06549 -0.703066 
-0.733872 1.13965 -0.597964 
-0.631043 1.07349 -0.579732 
-0.514431 0.996966 -0.581815 
-0.41348 0.930458 -0.58236 
-0.311029 0.86306 -0.581745 
-0.209175 0.795581 -0.587208 
-0.103466 0.725478 -0.586661 
0.00837907 0.651331 -0.584919 
0.121776 0.576102 -0.585302 
0.223749 0.508529 -0.583289 
